0.029999999
0.029999999
0.039999999
0.029999999
0.029999999
0.039999999
0.079999998
0.079999998
0.050000001
0.11000000
0.050000001
0.039999999
0.050000001
0.059999999
0.25000000
0.14000000
0.41999999
0.56999999
0.73000002
0.87000000
1.2400000
1.1900001
1.4900000
1.5100000
1.7700000
1.7700000
1.9800000
2.4200001
2.8199999
3.0100000
2.9100001
3.1099999
3.1300001
2.9000001
2.6300001
2.0999999
2.0200000
2.0000000
2.0200000
1.3200001
1.1500000
1.0400000
1.1900001
0.93000001
0.75000000
0.57999998
0.41999999
0.44999999
0.41000000
0.31000000
0.27000001
0.23000000
0.18000001
0.090000004
0.11000000
0.11000000
0.050000001
0.059999999
0.050000001
0.039999999
0.039999999
0.050000001
0.039999999
0.029999999
0.029999999
0.029999999
0.029999999
0.029999999
0.039999999
0.039999999
0.039999999
0.039999999
0.039999999
0.039999999
0.029999999
0.029999999
0.029999999
0.029999999
0.029999999
0.020000000
0.020000000
0.020000000
0.020000000
0.029999999
0.029999999
0.020000000
0.029999999
0.029999999
0.029999999
0.029999999
0.50000000
0.52999997
0.23000000
0.13000000
0.059999999
0.11000000
0.12000000
0.17000000
0.55000001
1.0000000
1.2700000
1.1500000
2.6500001
1.6900001
2.0899999
2.2900000
2.0899999
2.3299999
2.4900000
2.5799999
2.8199999
2.8699999
2.9700000
2.7100000
2.4800000
2.2300000
2.0200000
1.9200000
1.8400000
1.6799999
1.6200000
1.3000000
1.0200000
1.0900000
0.94000000
0.49000001
0.41999999
0.41000000
0.23999999
0.31999999
0.23999999
0.22000000
0.20000000
0.079999998
0.070000000
0.079999998
0.050000001
0.050000001
0.050000001
0.039999999
0.050000001
0.039999999
0.050000001
0.17000000
0.029999999
0.029999999
0.039999999
0.029999999
0.039999999
0.039999999
0.039999999
0.039999999
0.039999999
0.039999999
0.039999999
0.029999999
0.029999999
0.029999999
0.029999999
0.0099999998
0.020000000
0.020000000
0.020000000
0.020000000
0.020000000
0.020000000
0.020000000
0.020000000
0.020000000
0.020000000
0.020000000
0.029999999
0.039999999
0.039999999
0.34999999
0.30000001
0.31999999
0.50999999
0.46000001
0.75999999
0.94000000
1.4600000
1.2600000
0.88000000
1.6000000
1.9100000
1.8099999
2.2400000
2.9700000
3.3499999
3.0599999
2.8900001
2.3699999
2.4600000
2.1600001
2.1500001
2.0899999
1.9500000
1.6799999
1.2900000
1.2400000
1.3300000
1.2800000
0.82999998
0.85000002
1.0100000
0.58999997
0.44999999
0.28000000
0.31000000
0.23000000
0.12000000
0.16000000
0.079999998
0.059999999
0.079999998
0.090000004
0.039999999
0.050000001
0.039999999
0.029999999
0.050000001
0.039999999
0.039999999
0.029999999
0.029999999
0.029999999
0.029999999
0.039999999
0.029999999
0.039999999
0.039999999
0.039999999
0.039999999
0.039999999
0.029999999
0.029999999
0.029999999
0.029999999
0.0099999998
0.0000000
0.0000000
0.0000000
0.0000000
0.0099999998
0.0099999998
0.020000000
0.0099999998
0.020000000
0.020000000
0.020000000
0.020000000
0.020000000
0.020000000
0.029999999
0.029999999
0.050000001
0.16000000
0.28999999
0.40000001
0.51999998
0.68000001
1.1500000
1.4400001
1.6600000
2.1300001
2.7300000
2.4300001
1.3800000
3.0100000
2.5799999
2.4700000
3.0400000
2.4500000
2.2600000
2.2000000
1.6200000
1.8400000
1.6600000
1.4900000
1.3400000
1.1700000
1.0400000
0.86000001
0.94000000
0.62000000
0.50999999
0.55000001
0.31000000
0.23000000
0.23000000
0.11000000
0.17000000
0.070000000
0.11000000
0.059999999
0.059999999
0.050000001
0.039999999
0.039999999
0.029999999
0.090000004
0.44000000
0.039999999
0.039999999
0.029999999
0.029999999
0.029999999
0.029999999
0.029999999
0.039999999
0.039999999
0.029999999
0.029999999
0.039999999
0.029999999
0.039999999
0.029999999
0.029999999
0.020000000
0.0000000
0.0000000
0.0000000
0.0000000
0.0000000
0.0000000
0.0000000
0.0000000
0.0000000
0.020000000
0.0099999998
0.0099999998
0.020000000
0.020000000
0.020000000
0.020000000
0.029999999
0.039999999
0.059999999
0.14000000
0.54000002
2.1900001
1.3300000
1.5500000
1.4299999
2.0599999
2.8900001
2.4100001
2.5000000
2.5599999
2.6500001
2.5300000
1.4299999
1.1100000
3.6199999
2.2500000
2.0100000
1.7100000
1.5900000
1.3099999
1.5300000
1.1700000
0.98000002
0.82999998
0.63000000
0.55000001
0.49000001
0.38999999
0.34000000
0.28999999
0.18000001
0.16000000
0.14000000
0.070000000
0.079999998
0.059999999
0.059999999
0.059999999
0.039999999
0.039999999
0.039999999
0.039999999
0.039999999
0.039999999
0.050000001
0.029999999
0.029999999
0.039999999
0.029999999
0.029999999
0.039999999
0.039999999
0.029999999
0.029999999
0.029999999
0.029999999
0.029999999
0.029999999
0.029999999
0.0099999998
0.0000000
0.0000000
0.0000000
0.0000000
0.0000000
0.0000000
0.0000000
0.0000000
0.0000000
0.0000000
0.0000000
0.0000000
0.0000000
0.0000000
0.029999999
0.039999999
0.050000001
0.059999999
0.050000001
0.11000000
0.25000000
0.34999999
0.41000000
2.6500001
1.8800000
2.4300001
2.3900001
2.2000000
2.8499999
2.4800000
2.5999999
2.2900000
2.1700001
1.9100000
1.5400000
1.2600000
0.68000001
1.9299999
1.3700000
1.7300000
1.2200000
1.1100000
0.97000003
0.98000002
0.88999999
0.63000000
0.47999999
0.36000001
0.33000001
0.25999999
0.28000000
0.13000000
0.11000000
0.079999998
0.070000000
0.13000000
0.059999999
0.050000001
0.039999999
0.25999999
0.039999999
0.050000001
0.029999999
0.039999999
0.039999999
0.039999999
0.029999999
0.029999999
0.059999999
0.039999999
0.039999999
0.039999999
0.029999999
0.039999999
0.029999999
0.029999999
0.029999999
0.029999999
0.029999999
0.020000000
0.0000000
0.0000000
0.0000000
0.0000000
0.0000000
0.0000000
0.0000000
0.0000000
0.0000000
0.0000000
0.0000000
0.0000000
0.0000000
0.0000000
0.0000000
0.0000000
0.0000000
0.0099999998
0.11000000
0.090000004
0.10000000
0.41999999
1.1600000
0.88999999
0.74000001
2.3499999
1.9400001
2.2000000
2.0000000
2.6800001
2.5400000
2.1199999
2.1199999
1.8500000
1.6799999
1.2500000
1.2000000
1.1400000
0.99000001
1.0900000
1.3700000
1.2700000
0.97000003
0.75999999
0.81999999
0.62000000
0.50999999
0.34999999
0.25999999
0.34000000
0.31000000
0.18000001
0.11000000
0.12000000
0.11000000
0.079999998
0.050000001
0.050000001
0.039999999
0.050000001
0.039999999
0.039999999
0.029999999
0.050000001
0.039999999
0.039999999
0.029999999
0.029999999
0.039999999
0.039999999
0.039999999
0.029999999
0.029999999
0.039999999
0.029999999
0.029999999
0.039999999
0.029999999
0.029999999
0.020000000
0.0000000
0.0000000
0.0000000
0.0000000
0.0000000
0.0000000
0.0000000
0.0000000
0.0000000
0.0000000
0.0000000
0.0000000
0.0000000
0.0000000
0.0000000
0.0000000
0.0000000
0.0000000
0.0000000
0.0000000
0.0099999998
0.14000000
0.34999999
0.69999999
1.3600000
1.6799999
4.1199999
2.0699999
2.0899999
2.1900001
2.3399999
2.3299999
1.8300000
1.9400001
1.5500000
1.4900000
1.2400000
1.0500000
0.95999998
0.86000001
0.74000001
0.43000001
0.91000003
0.76999998
0.76999998
0.60000002
0.58999997
0.43000001
0.28000000
0.28000000
0.23999999
0.23999999
0.20000000
0.10000000
0.079999998
0.11000000
0.079999998
0.050000001
0.070000000
0.039999999
0.050000001
0.039999999
0.039999999
0.029999999
0.039999999
0.029999999
0.039999999
0.039999999
0.039999999
0.039999999
0.039999999
0.029999999
0.029999999
0.029999999
0.029999999
0.029999999
0.029999999
0.029999999
0.029999999
0.020000000
0.0000000
0.0000000
0.0000000
0.0000000
0.0000000
0.0000000
0.0000000
0.0000000
0.0000000
0.0000000
0.0000000
0.0000000
0.0000000
0.0000000
0.0000000
0.0000000
0.0000000
0.0000000
0.0000000
0.0099999998
0.029999999
0.039999999
0.090000004
0.37000000
1.3200001
0.94999999
1.2400000
2.1199999
2.2300000
2.1199999
2.0300000
2.0100000
1.9600000
1.6400000
1.7200000
1.4600000
1.2800000
0.97000003
1.0000000
0.58999997
0.88000000
0.72000003
0.64999998
0.62000000
0.63999999
0.64999998
0.47000000
0.47999999
0.40000001
0.25999999
0.15000001
0.20999999
0.15000001
0.12000000
0.16000000
0.079999998
0.079999998
0.070000000
0.059999999
0.039999999
0.039999999
0.039999999
0.029999999
0.029999999
0.029999999
0.029999999
0.039999999
0.039999999
0.039999999
0.039999999
0.039999999
0.029999999
0.029999999
0.029999999
0.029999999
0.029999999
0.029999999
0.029999999
0.029999999
0.020000000
0.0000000
0.0000000
0.0000000
0.0000000
0.0000000
0.0000000
0.0000000
0.0000000
0.0000000
0.0000000
0.0000000
0.0000000
0.0000000
0.0000000
0.0000000
0.0000000
0.0000000
0.0099999998
0.0099999998
0.029999999
0.11000000
0.15000001
0.20999999
0.30000001
0.31000000
1.3500000
1.6700000
2.2300000
2.3000000
2.2200000
2.1099999
2.1600001
1.8500000
1.9100000
1.5700001
1.3700000
1.3400000
0.99000001
1.0599999
0.87000000
1.0000000
0.88000000
0.77999997
0.66000003
0.55000001
0.47000000
0.56999999
0.47999999
0.38000000
0.33000001
0.16000000
0.14000000
0.20000000
0.17000000
0.19000000
0.059999999
0.070000000
0.070000000
0.050000001
0.050000001
0.050000001
0.039999999
0.029999999
0.029999999
0.029999999
0.039999999
0.079999998
0.039999999
0.039999999
0.029999999
0.039999999
0.029999999
0.029999999
0.029999999
0.039999999
0.039999999
0.039999999
0.050000001
0.029999999
0.020000000
0.0000000
0.0000000
0.0000000
0.0000000
0.0000000
0.0000000
0.0000000
0.0000000
0.0000000
0.0000000
0.0000000
0.0099999998
0.0099999998
0.0000000
0.0000000
0.020000000
0.029999999
0.029999999
0.12000000
0.13000000
0.090000004
0.090000004
0.23999999
3.1700001
0.88999999
1.2700000
1.7900000
2.1900001
2.1800001
2.2000000
2.4800000
2.0699999
2.1099999
1.7500000
0.94000000
1.9299999
1.3300000
1.0900000
1.1000000
1.0000000
0.97000003
0.83999997
0.74000001
0.70999998
0.69999999
0.60000002
0.49000001
0.60000002
0.37000000
0.28999999
0.22000000
0.14000000
0.19000000
0.25999999
0.11000000
0.13000000
0.059999999
0.059999999
0.059999999
0.059999999
0.050000001
0.039999999
0.039999999
0.029999999
0.039999999
0.039999999
0.050000001
0.039999999
0.039999999
0.029999999
0.039999999
0.029999999
0.029999999
0.039999999
0.029999999
0.039999999
0.039999999
0.039999999
0.029999999
0.020000000
0.0000000
0.0000000
0.0000000
0.0000000
0.0000000
0.0099999998
0.0099999998
0.0099999998
0.0000000
0.0000000
0.0000000
0.020000000
0.029999999
0.029999999
0.039999999
0.039999999
0.070000000
0.070000000
0.059999999
0.079999998
0.20000000
0.30000001
0.72000003
0.81000000
1.1400000
1.6300000
1.9800000
2.1900001
2.2800000
2.3199999
1.2800000
3.0899999
2.2000000
2.0699999
1.9600000
1.7800000
1.6100000
1.4100000
1.0800000
1.0599999
0.92000002
0.97000003
0.88000000
0.62000000
0.72000003
0.64999998
0.47000000
0.37000000
0.44000000
0.41999999
0.23999999
0.25000000
0.25999999
0.23000000
0.14000000
0.11000000
0.059999999
0.070000000
0.070000000
0.050000001
0.050000001
0.039999999
0.029999999
0.039999999
0.039999999
0.050000001
0.039999999
0.050000001
0.039999999
0.029999999
0.029999999
0.059999999
0.039999999
0.039999999
0.029999999
0.039999999
0.029999999
0.039999999
0.029999999
0.12000000
0.0000000
0.0000000
0.0000000
0.0000000
0.0000000
0.0000000
0.0099999998
0.0099999998
0.029999999
0.029999999
0.029999999
0.039999999
0.039999999
0.039999999
0.029999999
0.029999999
0.039999999
0.039999999
0.070000000
0.36000001
0.38999999
0.44999999
0.68000001
0.95999998
1.4000000
1.5900000
0.89999998
3.1900001
2.8900001
2.4100001
2.4700000
2.4000001
2.5200000
2.4500000
2.1900001
2.0599999
1.8000000
1.6799999
1.2200000
1.0300000
0.98000002
0.89999998
0.97000003
0.86000001
0.58999997
0.47000000
0.49000001
0.43000001
0.51999998
0.37000000
0.36000001
0.22000000
0.16000000
0.17000000
0.16000000
0.090000004
0.070000000
0.059999999
0.070000000
0.050000001
0.050000001
0.050000001
0.039999999
0.039999999
0.039999999
0.039999999
0.039999999
0.050000001
0.039999999
0.039999999
0.029999999
0.039999999
0.039999999
0.039999999
0.029999999
0.039999999
0.029999999
0.039999999
0.029999999
0.029999999
0.0099999998
0.0099999998
0.020000000
0.0099999998
0.020000000
0.020000000
0.020000000
0.020000000
0.020000000
0.029999999
0.020000000
0.020000000
0.020000000
0.020000000
0.029999999
0.039999999
0.11000000
0.090000004
0.13000000
0.25999999
0.51999998
0.34999999
0.52999997
1.1400000
1.0700001
1.6799999
1.5800000
1.7300000
2.0200000
2.3699999
2.7700000
2.7500000
2.8000000
2.6400001
2.1600001
1.9800000
1.7400000
1.4299999
1.2700000
1.1000000
1.0800000
0.91000003
0.79000002
0.72000003
0.61000001
0.51999998
0.49000001
0.41999999
0.34000000
0.38999999
0.37000000
0.23999999
0.20000000
0.14000000
0.11000000
0.090000004
0.070000000
0.050000001
0.059999999
0.070000000
0.050000001
0.050000001
0.039999999
0.039999999
0.039999999
0.050000001
0.039999999
0.039999999
0.039999999
0.029999999
0.029999999
0.029999999
0.029999999
0.029999999
0.16000000
0.029999999
0.029999999
0.039999999
0.029999999
0.039999999
0.020000000
0.020000000
0.020000000
0.0099999998
0.0099999998
0.020000000
0.020000000
0.020000000
0.020000000
0.020000000
0.020000000
0.020000000
0.020000000
0.020000000
0.20999999
0.039999999
0.12000000
0.11000000
0.40000001
0.28999999
0.50999999
0.56000000
0.89999998
1.2600000
1.2400000
1.5599999
1.8700000
2.0500000
2.2800000
2.3599999
2.5599999
2.8399999
2.8099999
2.5000000
2.1300001
1.9800000
1.7400000
1.2700000
1.2900000
1.1000000
0.98000002
0.93000001
0.75999999
0.63000000
0.69000000
0.57999998
0.64999998
0.41999999
0.33000001
0.38999999
0.36000001
0.23999999
0.16000000
0.18000001
0.18000001
0.090000004
0.059999999
0.070000000
0.10000000
0.070000000
0.050000001
0.050000001
0.050000001
0.039999999
0.039999999
0.039999999
0.039999999
0.039999999
0.050000001
0.039999999
0.039999999
0.039999999
0.029999999
0.029999999
0.039999999
0.039999999
0.029999999
0.039999999
0.029999999
0.039999999
0.0099999998
0.0099999998
0.020000000
0.0099999998
0.0099999998
0.020000000
0.0099999998
0.020000000
0.020000000
0.059999999
0.029999999
0.33000001
0.12000000
0.12000000
0.13000000
0.15000001
0.17000000
0.20999999
0.25000000
1.7100000
0.31000000
1.6900001
0.87000000
0.67000002
1.3200001
1.3200001
1.9500000
2.3800001
2.6900001
2.7500000
2.7500000
2.9300001
2.5599999
2.3000000
2.0500000
1.8400000
1.4800000
1.2900000
1.2200000
1.3300000
1.1200000
0.94999999
0.81000000
0.77999997
0.64999998
0.64999998
0.50000000
0.50000000
0.41999999
0.40000001
0.34999999
0.20000000
0.23999999
0.18000001
0.17000000
0.10000000
0.070000000
0.090000004
0.070000000
0.050000001
0.050000001
0.050000001
0.050000001
0.039999999
0.039999999
0.039999999
0.050000001
0.039999999
0.039999999
0.039999999
0.039999999
0.039999999
0.029999999
0.039999999
0.029999999
0.039999999
0.039999999
0.039999999
0.029999999
0.029999999
0.059999999
0.020000000
0.020000000
0.020000000
0.020000000
0.020000000
0.059999999
0.029999999
0.050000001
0.050000001
0.039999999
0.050000001
0.039999999
0.059999999
0.059999999
0.090000004
0.13000000
0.20999999
0.23000000
0.23999999
0.31999999
0.47999999
0.68000001
0.92000002
1.2900000
1.8000000
1.8500000
2.0100000
2.3499999
2.3699999
2.6600001
2.7500000
2.4800000
2.6700001
2.3199999
1.9100000
1.7700000
1.5599999
1.5100000
1.3700000
1.0900000
1.0900000
0.81999999
0.79000002
0.79000002
0.67000002
0.63000000
0.44999999
0.38000000
0.47000000
0.37000000
0.25000000
0.19000000
0.23999999
0.17000000
0.10000000
0.10000000
0.10000000
0.059999999
0.059999999
0.050000001
0.050000001
0.050000001
0.039999999
0.039999999
0.039999999
0.050000001
0.039999999
0.039999999
0.039999999
0.029999999
0.039999999
0.039999999
0.029999999
0.039999999
0.039999999
0.039999999
0.029999999
0.029999999
0.029999999
0.020000000
0.020000000
0.020000000
0.020000000
0.029999999
0.33000001
0.029999999
0.029999999
0.029999999
0.050000001
0.059999999
0.029999999
0.039999999
0.039999999
0.039999999
0.059999999
0.11000000
0.14000000
0.20000000
0.30000001
0.75000000
0.80000001
0.93000001
1.0900000
1.1500000
1.5200000
1.7800000
2.1500001
2.3699999
2.9000001
2.9700000
2.7100000
2.8099999
2.6900001
2.3900001
2.1500001
1.8600000
1.5700001
1.4400001
1.2900000
1.3000000
1.1100000
0.94999999
0.81999999
0.80000001
0.68000001
0.57999998
0.60000002
0.44999999
0.47000000
0.47999999
0.31999999
0.20999999
0.25000000
0.15000001
0.13000000
0.11000000
0.12000000
0.070000000
0.070000000
0.050000001
0.059999999
0.050000001
0.039999999
0.070000000
0.059999999
0.050000001
0.039999999
0.039999999
0.039999999
0.029999999
0.039999999
0.039999999
0.050000001
0.029999999
0.029999999
0.039999999
0.029999999
0.029999999
0.13000000
0.020000000
0.029999999
0.029999999
0.029999999
0.029999999
0.029999999
0.029999999
0.029999999
0.029999999
0.029999999
0.029999999
0.059999999
0.10000000
0.20000000
0.44000000
0.30000001
0.31999999
0.41999999
0.50999999
0.49000001
0.56000000
0.57999998
0.66000003
0.99000001
1.1400000
1.4500000
1.9000000
2.2300000
2.5999999
2.7700000
2.8299999
3.0599999
2.9000001
2.7600000
2.3599999
2.0799999
2.0500000
1.8500000
1.5300000
1.3500000
1.1799999
1.0599999
0.94999999
0.82999998
0.64999998
0.69999999
0.61000001
0.49000001
0.47999999
0.55000001
0.40000001
0.37000000
0.25999999
0.25000000
0.16000000
0.11000000
0.11000000
0.10000000
0.079999998
0.070000000
0.059999999
0.059999999
0.050000001
0.050000001
0.070000000
0.039999999
0.039999999
0.039999999
0.039999999
0.039999999
0.029999999
0.029999999
0.029999999
0.039999999
0.039999999
0.039999999
0.039999999
0.029999999
0.029999999
0.020000000
0.020000000
0.029999999
0.020000000
0.020000000
0.020000000
0.029999999
0.029999999
0.050000001
0.039999999
0.039999999
0.059999999
0.070000000
0.10000000
0.079999998
0.14000000
0.27000001
0.17000000
0.23999999
0.28000000
0.46000001
0.36000001
2.6400001
1.8200001
0.74000001
0.87000000
1.2500000
1.7100000
1.9100000
2.1700001
2.4200001
2.6900001
2.8599999
2.9300001
2.7600000
2.4600000
2.2900000
2.1199999
1.9200000
1.5400000
1.4600000
1.1900001
1.0200000
0.93000001
0.76999998
0.74000001
0.72000003
0.67000002
0.50000000
0.52999997
0.51999998
0.40000001
0.27000001
0.30000001
0.20999999
0.14000000
0.13000000
0.14000000
0.11000000
0.070000000
0.070000000
0.070000000
0.059999999
0.050000001
0.050000001
0.050000001
0.050000001
0.039999999
0.039999999
0.039999999
0.070000000
0.029999999
0.039999999
0.039999999
0.039999999
0.039999999
0.039999999
0.039999999
0.039999999
0.039999999
0.029999999
0.020000000
0.029999999
0.029999999
0.029999999
0.029999999
0.029999999
0.029999999
0.029999999
0.029999999
0.34000000
0.69999999
0.050000001
0.079999998
0.070000000
0.090000004
0.10000000
0.15000001
0.15000001
0.19000000
0.18000001
0.25999999
0.55000001
0.44000000
0.58999997
0.75999999
1.0599999
1.4000000
1.7800000
2.1199999
2.2900000
2.4700000
2.4900000
2.4000001
2.5200000
2.5000000
2.5899999
2.2500000
1.9500000
1.6900001
1.6100000
1.4200000
1.1600000
0.94000000
0.88999999
0.76999998
0.73000002
0.63999999
0.57999998
0.56000000
0.56000000
0.44000000
0.37000000
0.31000000
0.30000001
0.25000000
0.20000000
0.13000000
0.10000000
0.079999998
0.090000004
0.070000000
0.059999999
0.059999999
0.059999999
0.059999999
0.050000001
0.039999999
0.039999999
0.050000001
0.11000000
0.039999999
0.029999999
0.029999999
0.039999999
0.029999999
0.039999999
0.039999999
0.050000001
0.029999999
0.039999999
0.029999999
0.029999999
0.029999999
0.029999999
0.029999999
0.029999999
0.16000000
0.029999999
0.029999999
0.33000001
0.029999999
0.029999999
0.029999999
0.039999999
0.090000004
0.28000000
0.070000000
0.31999999
0.19000000
0.23000000
0.25000000
0.31999999
0.43000001
0.56999999
0.69000000
0.87000000
1.0500000
1.4400001
1.7300000
1.9700000
2.0999999
2.4300001
2.6500001
2.7700000
2.7500000
2.5500000
2.3000000
1.9200000
1.7500000
1.5700001
1.3700000
1.1500000
1.0100000
0.88999999
0.88999999
0.79000002
0.70999998
0.62000000
0.64999998
0.50999999
0.41999999
0.38000000
0.30000001
0.25999999
0.23999999
0.18000001
0.14000000
0.12000000
0.13000000
0.070000000
0.059999999
0.059999999
0.050000001
0.050000001
0.039999999
0.050000001
0.050000001
0.039999999
0.039999999
0.039999999
0.050000001
0.039999999
0.039999999
0.039999999
0.039999999
0.029999999
0.039999999
0.039999999
0.039999999
0.029999999
0.020000000
0.020000000
0.020000000
0.020000000
0.020000000
0.029999999
0.029999999
0.029999999
0.029999999
0.029999999
0.029999999
0.039999999
0.079999998
0.070000000
0.079999998
0.20000000
0.16000000
0.17000000
0.20000000
0.23999999
0.25000000
0.25999999
0.41999999
0.47999999
0.62000000
0.73000002
0.94999999
1.2800000
1.6100000
1.7000000
2.0999999
2.4600000
2.6700001
2.6400001
2.6400001
2.5999999
2.3499999
2.1700001
1.9299999
1.6200000
1.4100000
1.3400000
1.1900001
1.0500000
0.98000002
0.88999999
0.81000000
0.75000000
0.73000002
0.56999999
0.50000000
0.40000001
0.38999999
0.30000001
0.28000000
0.23999999
0.20999999
0.15000001
0.10000000
0.10000000
0.079999998
0.070000000
0.059999999
0.050000001
0.050000001
0.039999999
0.039999999
0.039999999
0.050000001
0.050000001
0.039999999
0.039999999
0.039999999
0.039999999
0.039999999
0.039999999
0.039999999
0.029999999
0.050000001
0.029999999
0.029999999
0.029999999
0.029999999
0.029999999
0.029999999
0.029999999
0.029999999
0.039999999
0.039999999
0.050000001
0.15000001
0.059999999
0.050000001
0.050000001
0.070000000
0.93000001
2.3199999
0.11000000
0.17000000
0.19000000
0.20000000
0.23000000
0.31999999
0.51999998
0.52999997
0.75999999
0.97000003
1.2500000
1.4800000
1.7100000
2.0200000
2.1099999
2.3599999
2.5799999
2.6800001
2.5100000
2.3499999
2.1700001
2.0100000
1.7900000
1.5599999
1.3300000
1.1700000
1.1600000
0.99000001
0.89999998
0.92000002
0.79000002
0.72000003
0.60000002
0.52999997
0.43000001
0.36000001
0.33000001
0.27000001
0.23999999
0.18000001
0.14000000
0.12000000
0.090000004
0.079999998
0.079999998
0.059999999
0.059999999
0.059999999
0.059999999
0.059999999
0.059999999
0.050000001
0.039999999
0.039999999
0.039999999
0.050000001
0.039999999
0.039999999
0.039999999
0.039999999
0.039999999
0.029999999
0.050000001
0.029999999
0.029999999
0.029999999
0.039999999
0.029999999
0.029999999
0.039999999
0.039999999
0.039999999
0.050000001
0.039999999
0.059999999
0.039999999
0.050000001
0.050000001
0.059999999
0.059999999
0.079999998
0.10000000
0.14000000
0.17000000
0.20000000
0.25000000
0.37000000
0.46000001
0.49000001
0.58999997
0.72000003
1.2500000
1.5100000
1.7400000
1.9600000
2.1900001
2.3800001
2.4000001
2.4000001
2.2500000
2.1099999
1.9800000
1.7800000
1.5700001
1.4299999
1.3300000
1.1700000
1.1400000
1.0000000
0.88999999
0.81000000
0.75000000
0.58999997
0.55000001
0.56000000
0.43000001
0.36000001
0.28999999
0.23999999
0.19000000
0.20000000
0.17000000
0.16000000
0.10000000
0.070000000
0.059999999
0.050000001
0.050000001
0.050000001
0.050000001
0.039999999
0.039999999
0.039999999
0.039999999
0.039999999
0.039999999
0.039999999
0.039999999
0.039999999
0.039999999
0.050000001
0.039999999
0.029999999
0.039999999
0.039999999
0.039999999
0.029999999
0.039999999
0.029999999
0.029999999
0.029999999
0.039999999
0.10000000
0.039999999
0.039999999
0.039999999
0.050000001
0.050000001
0.059999999
0.090000004
0.23999999
0.17000000
0.13000000
0.13000000
0.16000000
0.20000000
0.27000001
0.36000001
0.43000001
0.50000000
0.68000001
1.2400000
1.5800000
1.7100000
1.9700000
2.3499999
2.3699999
2.4800000
2.6099999
2.4900000
2.4400001
2.2100000
1.9800000
1.8300000
1.7100000
1.5300000
1.3800000
1.2200000
1.1300000
1.0700001
1.0200000
0.91000003
0.73000002
0.64999998
0.56000000
0.50000000
0.43000001
0.37000000
0.36000001
0.23999999
0.20000000
0.14000000
0.12000000
0.090000004
0.090000004
0.070000000
0.059999999
0.050000001
0.050000001
0.050000001
0.050000001
0.050000001
0.039999999
0.050000001
0.039999999
0.039999999
0.039999999
0.050000001
0.059999999
0.050000001
0.050000001
0.050000001
0.029999999
0.039999999
0.029999999
0.25999999
0.029999999
2.2100000
1.0599999
0.050000001
0.94999999
0.039999999
0.039999999
0.050000001
0.18000001
0.039999999
0.050000001
0.059999999
0.090000004
0.079999998
0.070000000
0.98000002
0.10000000
0.13000000
0.63000000
0.20999999
0.31999999
0.25999999
0.31999999
0.38000000
0.44999999
1.0300000
1.1900001
1.3900000
1.6600000
1.9100000
2.0699999
2.3000000
2.4300001
2.3599999
2.2300000
2.1300001
1.9299999
1.7400000
1.5700001
1.5500000
1.4000000
1.2600000
1.1500000
1.0200000
1.0000000
0.92000002
0.80000001
0.75999999
0.64999998
0.51999998
0.43000001
0.38000000
0.31999999
0.27000001
0.23000000
0.17000000
0.13000000
0.11000000
0.079999998
0.079999998
0.059999999
0.070000000
0.050000001
0.050000001
0.050000001
0.050000001
0.039999999
0.059999999
0.050000001
0.039999999
0.039999999
0.050000001
0.039999999
0.039999999
0.039999999
0.050000001
0.029999999
0.039999999
0.039999999
0.039999999
0.039999999
0.039999999
0.050000001
0.039999999
0.039999999
0.039999999
0.039999999
0.039999999
0.039999999
0.039999999
0.039999999
0.050000001
0.050000001
0.059999999
0.059999999
0.070000000
0.090000004
0.12000000
0.14000000
0.19000000
0.23000000
0.30000001
0.34000000
0.38000000
0.43000001
0.80000001
0.94000000
1.1700000
1.4299999
1.7700000
1.9700000
2.2000000
2.2900000
2.3299999
2.2000000
2.0899999
1.9400001
1.8200001
1.7400000
1.5300000
1.3099999
1.2200000
1.2200000
1.0700001
1.0100000
0.94999999
0.83999997
0.70999998
0.72000003
0.56999999
0.47000000
0.34000000
0.30000001
0.23999999
0.23000000
0.20000000
0.20000000
0.14000000
0.10000000
0.059999999
0.059999999
0.050000001
0.050000001
0.050000001
0.050000001
0.039999999
0.050000001
0.050000001
0.039999999
0.039999999
0.050000001
0.039999999
0.039999999
0.050000001
0.039999999
0.039999999
0.020000000
0.050000001
0.039999999
0.039999999
0.039999999
0.050000001
0.039999999
0.050000001
0.039999999
0.039999999
0.050000001
0.050000001
0.050000001
0.050000001
0.059999999
0.059999999
0.079999998
0.090000004
0.10000000
0.090000004
0.090000004
0.11000000
0.12000000
0.22000000
0.18000001
0.20000000
0.23999999
0.36000001
0.38999999
0.74000001
0.92000002
1.0900000
1.3300000
1.6400000
1.8000000
1.9000000
2.1199999
2.1400001
2.1900001
2.1700001
2.0999999
1.9100000
1.6700000
1.5300000
1.3700000
1.3600000
1.2300000
1.0599999
1.0000000
0.91000003
0.77999997
0.80000001
0.70999998
0.63000000
0.57999998
0.50000000
0.34000000
0.28000000
0.23999999
0.19000000
0.15000001
0.10000000
0.079999998
0.090000004
0.059999999
0.059999999
0.059999999
0.050000001
0.050000001
0.050000001
0.039999999
0.039999999
0.039999999
0.039999999
0.039999999
0.079999998
0.050000001
0.16000000
0.039999999
0.039999999
0.029999999
0.039999999
0.050000001
0.050000001
0.050000001
0.039999999
0.039999999
0.039999999
0.039999999
0.039999999
0.039999999
0.050000001
0.050000001
0.050000001
0.050000001
0.050000001
0.059999999
0.059999999
0.070000000
0.079999998
0.11000000
0.18000001
0.12000000
0.15000001
0.16000000
0.20000000
0.23999999
0.30000001
0.38000000
0.69999999
0.89999998
1.0900000
1.3300000
1.4800000
1.7100000
1.8500000
2.0599999
2.2200000
2.2400000
2.0699999
2.0300000
1.9600000
1.7600000
1.6799999
1.4400001
1.3200001
1.2300000
1.1799999
0.97000003
1.0300000
0.91000003
0.80000001
0.70999998
0.67000002
0.54000002
0.47000000
0.38999999
0.31999999
0.25999999
0.20000000
0.15000001
0.10000000
0.10000000
0.090000004
0.059999999
0.059999999
0.059999999
0.050000001
0.039999999
0.050000001
0.050000001
0.050000001
0.039999999
0.050000001
0.039999999
0.039999999
0.050000001
0.050000001
0.050000001
0.039999999
0.039999999
0.039999999
0.050000001
0.039999999
0.050000001
0.050000001
0.039999999
0.039999999
0.039999999
0.050000001
0.050000001
0.050000001
0.050000001
0.050000001
0.059999999
0.059999999
0.059999999
0.059999999
0.070000000
0.11000000
0.090000004
0.090000004
0.11000000
0.13000000
0.19000000
0.20999999
0.23999999
0.28000000
0.33000001
0.57999998
0.72000003
0.81000000
1.0400000
1.2600000
1.4100000
1.6100000
1.7400000
1.8099999
1.9000000
1.9600000
1.8600000
1.6799999
1.5700001
1.4800000
1.3400000
1.2800000
1.1799999
1.1300000
1.0900000
0.95999998
0.87000000
0.82999998
0.75000000
0.63000000
0.56999999
0.51999998
0.38000000
0.28999999
0.25999999
0.20999999
0.15000001
0.13000000
0.10000000
0.090000004
0.090000004
0.090000004
0.059999999
0.050000001
0.059999999
0.050000001
0.050000001
0.050000001
0.039999999
0.039999999
0.039999999
0.050000001
0.13000000
0.050000001
0.070000000
0.050000001
0.029999999
0.050000001
0.050000001
0.050000001
0.050000001
0.050000001
0.050000001
0.050000001
0.050000001
0.050000001
0.050000001
0.050000001
0.050000001
0.050000001
0.050000001
0.050000001
0.059999999
0.059999999
0.070000000
0.070000000
0.090000004
0.63999999
0.13000000
0.16000000
0.16000000
0.19000000
0.22000000
0.23999999
0.28000000
0.49000001
0.66000003
0.73000002
0.92000002
1.0599999
1.2300000
1.3800000
1.5400000
1.7500000
1.7500000
1.7200000
1.7300000
1.6100000
1.5900000
1.5500000
1.4800000
1.3700000
1.2300000
1.1100000
1.0300000
0.95999998
0.88000000
0.88999999
0.73000002
0.66000003
0.63000000
0.47000000
0.40000001
0.28999999
0.25999999
0.25000000
0.19000000
0.15000001
0.12000000
0.11000000
0.090000004
0.070000000
0.070000000
0.070000000
0.059999999
0.059999999
0.050000001
0.050000001
0.050000001
0.050000001
0.050000001
0.050000001
0.039999999
0.050000001
0.039999999
0.039999999
0.039999999
0.059999999
0.059999999
0.059999999
0.059999999
0.070000000
0.059999999
0.059999999
0.12000000
0.050000001
0.059999999
0.059999999
0.059999999
0.059999999
0.059999999
0.070000000
0.079999998
0.059999999
0.070000000
0.10000000
1.7400000
0.10000000
0.090000004
0.22000000
0.14000000
0.20999999
0.50000000
0.22000000
0.27000001
0.47000000
0.51999998
0.62000000
0.80000001
1.0300000
1.1500000
1.2900000
1.4299999
1.4900000
1.6000000
1.6600000
1.6200000
1.5500000
1.5000000
1.4200000
1.3200001
1.2700000
1.3800000
1.1400000
1.0800000
1.0300000
0.92000002
0.86000001
0.82999998
0.70999998
0.63999999
0.52999997
0.37000000
0.34999999
0.28999999
0.22000000
0.20000000
0.17000000
0.12000000
0.11000000
0.10000000
0.090000004
0.079999998
0.079999998
0.059999999
0.059999999
0.059999999
0.050000001
0.050000001
0.050000001
0.050000001
0.050000001
0.050000001
0.050000001
0.090000004
0.050000001
0.059999999
0.059999999
0.059999999
0.059999999
0.059999999
0.059999999
0.059999999
0.059999999
0.059999999
0.059999999
0.059999999
0.070000000
0.059999999
0.079999998
0.059999999
0.070000000
0.079999998
0.37000000
0.14000000
0.10000000
0.10000000
0.14000000
0.43000001
0.12000000
0.14000000
0.17000000
0.19000000
0.20000000
0.22000000
0.38000000
0.44000000
0.56000000
0.69999999
0.82999998
0.94000000
1.0900000
1.1900001
1.3200001
1.4200000
1.4800000
1.4200000
1.4400001
1.4400001
1.4400001
1.3099999
1.2300000
1.1500000
1.1400000
1.0300000
0.95999998
0.83999997
0.80000001
0.77999997
0.68000001
0.57999998
0.47999999
0.47999999
0.36000001
0.30000001
0.20999999
0.18000001
0.15000001
0.15000001
0.090000004
0.079999998
0.090000004
0.079999998
0.079999998
0.059999999
0.059999999
0.059999999
0.050000001
0.050000001
0.050000001
0.039999999
0.039999999
0.039999999
0.050000001
0.059999999
0.050000001
0.059999999
0.059999999
0.059999999
0.059999999
0.059999999
0.059999999
0.059999999
0.059999999
0.059999999
0.059999999
0.059999999
0.059999999
0.059999999
0.059999999
0.059999999
0.059999999
0.059999999
0.059999999
0.070000000
0.070000000
0.11000000
0.090000004
0.15000001
0.10000000
0.15000001
0.13000000
0.16000000
0.18000001
0.20999999
0.38999999
0.47000000
0.51999998
0.66000003
0.74000001
0.80000001
0.99000001
1.1200000
1.2600000
1.3300000
1.3700000
1.3500000
1.3700000
1.3500000
1.3200001
1.1700000
1.1000000
1.0700001
0.97000003
0.89999998
0.86000001
0.82999998
0.81999999
0.70999998
0.72000003
0.70999998
0.52999997
0.38000000
0.34000000
0.27000001
0.20999999
0.17000000
0.15000001
0.12000000
0.10000000
0.12000000
0.090000004
0.070000000
0.079999998
0.070000000
0.079999998
0.059999999
0.050000001
0.050000001
0.059999999
0.090000004
0.050000001
0.050000001
0.039999999
0.070000000
0.050000001
0.029999999
0.059999999
0.059999999
0.059999999
0.059999999
0.059999999
0.059999999
0.059999999
0.059999999
0.070000000
0.059999999
0.059999999
0.059999999
0.059999999
0.070000000
0.059999999
0.070000000
0.070000000
0.070000000
0.079999998
0.079999998
0.090000004
0.090000004
0.11000000
0.18000001
0.44999999
0.41999999
0.15000001
0.18000001
0.30000001
0.47999999
0.41999999
0.52999997
0.61000001
0.77999997
0.82999998
0.95999998
1.0400000
1.1200000
1.2000000
1.2500000
1.2700000
1.2500000
1.2400000
1.1600000
1.1100000
1.0500000
0.98000002
0.92000002
0.86000001
0.86000001
0.79000002
0.69999999
0.60000002
0.56000000
0.47999999
0.47000000
0.36000001
0.30000001
0.22000000
0.17000000
0.14000000
0.10000000
0.10000000
0.070000000
0.059999999
0.059999999
0.070000000
0.059999999
0.059999999
0.070000000
0.050000001
0.050000001
0.059999999
0.050000001
0.039999999
0.039999999
0.039999999
0.050000001
0.039999999
0.050000001
0.090000004
0.059999999
0.059999999
0.059999999
0.059999999
0.059999999
0.059999999
0.059999999
0.059999999
0.059999999
0.070000000
0.070000000
0.059999999
0.059999999
0.059999999
0.070000000
0.070000000
0.059999999
0.070000000
0.070000000
0.079999998
0.079999998
0.090000004
0.10000000
0.33000001
0.12000000
0.12000000
0.16000000
0.22000000
0.25999999
0.28999999
0.36000001
0.44999999
0.58999997
0.63999999
0.72000003
0.82999998
0.91000003
0.99000001
1.0100000
1.0400000
1.0000000
0.98000002
0.97000003
0.93000001
0.88999999
0.83999997
0.88000000
0.83999997
0.79000002
0.75000000
0.69999999
0.63000000
0.55000001
0.47000000
0.40000001
0.31999999
0.28000000
0.25000000
0.17000000
0.14000000
0.13000000
0.090000004
0.079999998
0.070000000
0.059999999
0.059999999
0.059999999
0.059999999
0.059999999
0.050000001
0.050000001
0.050000001
0.050000001
0.039999999
0.039999999
0.039999999
0.050000001
0.10000000
0.039999999
0.059999999
0.059999999
0.070000000
0.070000000
0.070000000
0.070000000
0.070000000
0.11000000
0.070000000
0.070000000
0.070000000
0.070000000
0.070000000
0.070000000
0.070000000
0.059999999
0.079999998
0.070000000
0.070000000
0.079999998
0.079999998
0.079999998
0.090000004
0.10000000
0.17000000
0.20999999
0.11000000
0.13000000
0.20999999
0.23999999
0.34000000
0.43000001
0.44000000
0.51999998
0.61000001
0.74000001
0.75999999
0.83999997
0.88000000
0.91000003
0.89999998
0.88000000
0.86000001
0.82999998
0.81000000
0.79000002
0.79000002
0.72000003
0.75000000
0.75000000
0.66000003
0.58999997
0.61000001
0.51999998
0.49000001
0.41000000
0.31999999
0.25000000
0.19000000
0.17000000
0.14000000
0.11000000
0.10000000
0.090000004
0.070000000
0.070000000
0.059999999
0.059999999
0.059999999
0.059999999
0.050000001
0.050000001
0.050000001
0.050000001
0.039999999
0.039999999
0.039999999
0.039999999
0.039999999
0.039999999
0.070000000
0.070000000
0.070000000
0.070000000
0.070000000
0.070000000
0.070000000
0.070000000
0.070000000
0.070000000
0.059999999
0.070000000
0.059999999
0.070000000
0.059999999
0.059999999
0.059999999
0.059999999
0.070000000
0.070000000
0.070000000
0.070000000
0.079999998
0.090000004
0.11000000
0.12000000
0.14000000
0.16000000
0.22000000
0.27000001
0.31000000
0.34000000
0.38000000
0.44000000
0.54000002
0.58999997
0.66000003
0.72000003
0.89999998
0.76999998
0.77999997
0.79000002
0.79000002
0.74000001
0.75000000
0.72000003
0.75999999
0.70999998
0.69999999
0.64999998
0.63999999
0.63000000
0.56999999
0.55000001
0.44000000
0.38000000
0.28999999
0.25999999
0.20999999
0.17000000
0.13000000
0.11000000
0.10000000
0.079999998
0.070000000
0.059999999
0.059999999
0.050000001
0.059999999
0.059999999
0.059999999
0.050000001
0.050000001
0.050000001
0.050000001
0.050000001
0.050000001
0.039999999
0.039999999
0.039999999
0.059999999
0.070000000
0.059999999
0.059999999
0.070000000
0.059999999
0.070000000
0.070000000
0.070000000
0.079999998
0.070000000
0.079999998
0.070000000
0.070000000
0.070000000
0.070000000
0.070000000
0.070000000
0.070000000
0.070000000
0.070000000
0.079999998
0.079999998
0.090000004
0.10000000
0.11000000
0.11000000
0.12000000
0.17000000
0.19000000
0.23999999
0.27000001
0.34999999
0.41000000
0.50000000
1.7800000
0.60000002
0.70999998
0.68000001
0.70999998
0.75000000
0.69999999
0.69000000
0.69999999
0.67000002
0.66000003
0.64999998
0.68000001
0.64999998
0.63999999
0.62000000
0.60000002
0.61000001
0.50000000
0.44000000
0.37000000
0.34000000
0.25000000
0.20999999
0.17000000
0.14000000
0.12000000
0.10000000
0.090000004
0.090000004
0.059999999
0.050000001
0.050000001
0.059999999
0.050000001
0.059999999
0.059999999
0.050000001
0.050000001
0.059999999
0.070000000
0.039999999
0.039999999
0.050000001
0.039999999
0.070000000
0.070000000
0.070000000
0.059999999
0.059999999
0.070000000
0.070000000
0.070000000
0.070000000
0.070000000
0.070000000
0.070000000
0.070000000
0.070000000
0.070000000
0.070000000
0.059999999
0.070000000
0.059999999
0.059999999
0.070000000
0.070000000
0.070000000
0.079999998
0.10000000
0.23000000
0.11000000
0.12000000
0.18000001
0.20000000
0.22000000
0.25999999
0.30000001
0.34999999
0.38000000
0.46000001
0.69999999
0.56000000
0.63000000
0.63999999
0.69000000
0.68000001
0.68000001
0.61000001
0.61000001
0.62000000
0.61000001
0.66000003
0.67000002
0.64999998
0.58999997
0.62000000
0.51999998
0.55000001
0.44999999
0.40000001
0.33000001
0.34000000
0.25000000
0.17000000
0.15000001
0.14000000
0.11000000
0.090000004
0.090000004
0.070000000
0.059999999
0.050000001
0.050000001
0.059999999
0.050000001
0.059999999
0.050000001
0.050000001
0.039999999
0.050000001
0.039999999
0.039999999
0.050000001
0.029999999
0.079999998
0.079999998
0.079999998
0.079999998
0.079999998
0.079999998
0.079999998
0.079999998
0.070000000
0.070000000
0.070000000
0.070000000
0.070000000
0.070000000
0.079999998
0.070000000
0.079999998
0.070000000
0.070000000
0.079999998
0.079999998
0.079999998
0.079999998
0.079999998
0.079999998
0.10000000
0.090000004
0.11000000
0.15000001
0.18000001
0.22000000
0.28000000
0.28000000
0.31999999
0.37000000
0.83999997
0.47999999
0.51999998
0.51999998
0.54000002
0.56000000
0.56999999
0.60000002
0.60000002
0.61000001
0.60000002
0.50000000
0.52999997
0.56000000
0.54000002
0.52999997
0.55000001
0.46000001
0.47999999
0.44000000
0.38999999
0.30000001
0.28000000
0.25000000
0.22000000
0.16000000
0.14000000
0.11000000
0.10000000
0.079999998
0.090000004
0.070000000
0.059999999
0.059999999
0.050000001
0.059999999
0.050000001
0.059999999
0.050000001
0.050000001
0.039999999
0.050000001
0.039999999
0.039999999
0.059999999
0.10000000
0.090000004
0.090000004
0.090000004
0.090000004
0.090000004
0.079999998
0.079999998
0.090000004
0.079999998
0.079999998
0.070000000
0.070000000
0.070000000
0.070000000
0.070000000
0.070000000
0.059999999
0.070000000
0.070000000
0.070000000
0.070000000
0.079999998
0.079999998
0.079999998
0.090000004
0.090000004
0.090000004
0.12000000
0.14000000
0.17000000
0.25000000
0.25999999
0.27000001
0.34999999
0.36000001
2.5999999
0.44999999
0.47999999
0.49000001
0.56000000
0.64999998
0.54000002
0.54000002
0.58999997
0.50999999
0.50999999
0.49000001
0.47999999
0.50000000
0.51999998
0.47000000
0.46000001
0.46000001
0.41000000
0.34999999
0.31000000
0.28999999
0.23999999
0.19000000
0.16000000
0.13000000
0.12000000
0.10000000
0.10000000
0.10000000
0.090000004
0.059999999
0.059999999
0.050000001
0.059999999
0.059999999
0.050000001
0.050000001
0.050000001
0.050000001
0.059999999
0.039999999
0.039999999
0.039999999
0.10000000
0.30000001
0.090000004
0.090000004
0.090000004
0.079999998
0.079999998
0.079999998
0.079999998
0.079999998
0.079999998
0.079999998
0.079999998
0.079999998
0.079999998
0.079999998
0.070000000
0.070000000
0.070000000
0.070000000
0.070000000
0.070000000
0.070000000
0.070000000
0.070000000
0.090000004
0.090000004
0.10000000
0.12000000
0.16000000
0.14000000
0.16000000
0.22000000
0.25000000
0.23999999
0.37000000
0.34000000
0.36000001
0.40000001
0.40000001
0.46000001
0.47000000
0.49000001
0.49000001
0.47000000
0.46000001
0.50000000
0.52999997
0.57999998
0.54000002
0.50999999
0.56000000
0.43000001
0.44999999
0.37000000
0.37000000
0.31000000
0.25000000
0.23000000
0.19000000
0.17000000
0.16000000
0.11000000
0.10000000
0.10000000
0.090000004
0.079999998
0.070000000
0.059999999
0.059999999
0.059999999
0.070000000
0.070000000
0.050000001
0.050000001
0.050000001
0.039999999
0.050000001
0.039999999
0.029999999
0.12000000
0.10000000
0.10000000
0.090000004
0.10000000
0.090000004
0.090000004
0.079999998
0.079999998
0.079999998
0.079999998
0.070000000
0.070000000
0.070000000
0.070000000
0.070000000
0.070000000
0.070000000
0.070000000
0.070000000
0.070000000
0.079999998
0.079999998
0.079999998
0.070000000
0.079999998
0.079999998
0.079999998
0.10000000
0.10000000
0.13000000
0.16000000
0.18000001
0.25999999
0.23999999
0.25999999
0.31000000
0.34000000
0.33000001
0.34999999
0.38999999
0.41999999
0.41999999
0.46000001
0.47000000
0.44000000
0.50000000
0.41999999
0.49000001
0.55000001
0.56999999
0.50000000
0.51999998
0.50999999
0.41999999
0.40000001
0.34999999
0.25000000
0.20999999
0.19000000
0.13000000
0.16000000
0.12000000
0.10000000
0.10000000
0.090000004
0.090000004
0.079999998
0.079999998
0.059999999
0.059999999
0.059999999
0.059999999
0.059999999
0.050000001
0.050000001
0.039999999
0.050000001
0.039999999
0.039999999
0.029999999
0.10000000
0.079999998
0.12000000
0.070000000
0.090000004
0.079999998
0.090000004
0.090000004
0.079999998
0.079999998
0.070000000
0.10000000
0.079999998
0.079999998
0.070000000
0.079999998
0.070000000
0.079999998
0.070000000
0.070000000
0.070000000
0.070000000
0.070000000
0.070000000
0.079999998
0.090000004
0.090000004
0.13000000
0.15000001
0.14000000
0.16000000
0.16000000
0.17000000
0.31999999
0.23999999
1.7200000
0.27000001
0.31999999
0.56999999
0.77999997
0.34000000
0.70999998
0.37000000
0.38000000
0.46000001
0.44000000
0.43000001
0.44999999
0.43000001
0.51999998
0.40000001
0.44000000
0.44000000
0.38000000
0.40000001
0.31000000
0.25999999
0.23000000
0.18000001
0.17000000
0.14000000
0.14000000
0.10000000
0.090000004
0.079999998
0.10000000
0.079999998
0.079999998
0.079999998
0.090000004
0.059999999
0.059999999
0.059999999
0.050000001
0.039999999
0.050000001
0.050000001
0.039999999
0.050000001
0.020000000
0.029999999
0.020000000
0.029999999
0.029999999
0.039999999
0.029999999
0.029999999
0.029999999
0.029999999
0.029999999
0.059999999
0.079999998
0.070000000
0.15000001
0.090000004
0.079999998
0.070000000
0.090000004
0.079999998
0.090000004
0.090000004
0.079999998
0.079999998
0.079999998
0.079999998
0.090000004
0.079999998
0.12000000
0.14000000
0.16000000
0.17000000
0.25999999
0.15000001
0.18000001
0.20000000
1.0500000
0.34999999
0.31999999
0.33000001
0.28999999
0.51999998
0.40000001
0.36000001
0.31999999
0.31000000
0.40000001
0.38999999
0.40000001
0.37000000
0.43000001
0.37000000
0.41000000
0.38000000
0.40000001
0.36000001
0.36000001
0.23000000
0.20999999
0.19000000
0.17000000
0.14000000
0.12000000
0.11000000
0.11000000
0.090000004
0.090000004
0.090000004
0.070000000
0.070000000
0.079999998
0.059999999
0.070000000
0.050000001
0.059999999
0.050000001
0.039999999
0.070000000
0.039999999
0.039999999
0.020000000
0.020000000
0.020000000
0.020000000
0.020000000
0.020000000
0.020000000
0.079999998
0.029999999
0.029999999
0.029999999
0.029999999
0.029999999
0.029999999
0.029999999
0.039999999
0.029999999
0.029999999
0.12000000
0.059999999
0.070000000
0.079999998
0.090000004
0.070000000
0.079999998
0.090000004
0.12000000
0.10000000
0.34999999
0.12000000
0.11000000
0.14000000
0.14000000
0.18000001
0.15000001
0.19000000
0.22000000
0.99000001
0.23999999
0.30000001
0.30000001
1.5500000
0.38999999
0.34000000
0.31999999
0.34000000
0.33000001
0.38999999
0.41000000
0.40000001
0.40000001
0.37000000
0.41999999
0.38000000
0.40000001
0.44000000
0.31000000
0.25999999
0.20999999
0.19000000
0.14000000
0.13000000
0.12000000
0.13000000
0.11000000
0.079999998
0.10000000
0.10000000
0.059999999
0.070000000
0.079999998
0.070000000
0.070000000
0.059999999
0.059999999
0.070000000
0.050000001
0.039999999
0.039999999
0.029999999
0.020000000
0.0099999998
0.020000000
0.0099999998
0.020000000
0.020000000
0.020000000
0.020000000
0.020000000
0.020000000
0.020000000
0.020000000
0.029999999
0.029999999
0.029999999
0.029999999
0.029999999
0.039999999
0.039999999
0.039999999
0.039999999
0.039999999
0.039999999
0.039999999
0.039999999
0.090000004
0.10000000
0.079999998
0.11000000
0.10000000
0.12000000
0.13000000
0.13000000
0.14000000
0.14000000
0.20000000
0.20000000
0.25999999
1.0700001
0.28999999
0.23999999
0.28999999
0.28999999
0.33000001
0.31000000
0.31000000
0.31999999
0.41000000
0.38999999
0.43000001
0.38999999
0.34999999
0.41999999
0.38000000
0.36000001
0.38000000
0.31000000
0.25999999
0.20999999
0.20999999
0.19000000
0.11000000
0.11000000
0.11000000
0.11000000
0.10000000
0.090000004
0.10000000
0.059999999
0.079999998
0.079999998
0.10000000
0.070000000
0.059999999
0.059999999
2.2800000
0.050000001
0.050000001
0.039999999
0.039999999
0.22000000
0.22000000
0.0000000
0.0099999998
0.020000000
0.020000000
0.029999999
0.029999999
0.029999999
0.020000000
0.0099999998
0.0099999998
0.0099999998
0.020000000
0.020000000
0.020000000
0.029999999
0.029999999
0.029999999
0.029999999
0.050000001
0.039999999
0.039999999
0.039999999
0.039999999
0.050000001
0.050000001
0.050000001
0.059999999
0.059999999
0.070000000
0.14000000
0.16000000
0.16000000
0.25999999
0.18000001
0.19000000
0.25000000
0.25000000
1.2200000
0.25999999
0.25999999
0.28000000
0.28000000
0.31000000
0.36000001
0.31999999
0.36000001
0.34999999
0.41999999
0.38999999
0.38000000
0.36000001
0.40000001
0.38999999
0.38000000
0.36000001
0.28000000
0.18000001
0.17000000
0.15000001
0.14000000
0.11000000
0.12000000
0.12000000
0.12000000
0.11000000
0.10000000
0.079999998
0.090000004
0.10000000
0.079999998
0.070000000
0.059999999
0.059999999
0.070000000
0.059999999
0.050000001
0.039999999
0.039999999
0.0000000
0.0000000
0.0000000
0.0000000
0.0000000
0.0000000
1.7600000
0.0000000
0.020000000
0.020000000
0.020000000
0.020000000
0.020000000
0.020000000
0.020000000
0.020000000
0.029999999
0.039999999
0.039999999
0.029999999
0.029999999
0.029999999
0.039999999
0.039999999
0.050000001
0.050000001
0.059999999
0.050000001
0.050000001
0.070000000
0.079999998
0.070000000
0.070000000
0.11000000
0.12000000
0.17000000
0.16000000
0.20999999
0.28000000
0.27000001
0.25999999
0.25000000
2.4600000
0.28000000
0.31000000
0.27000001
0.31999999
0.40000001
0.43000001
0.38000000
0.38000000
0.47000000
0.41000000
0.44999999
0.37000000
0.31999999
0.47000000
0.43000001
0.25000000
0.18000001
0.13000000
0.12000000
0.14000000
0.11000000
0.10000000
0.090000004
0.11000000
0.10000000
0.079999998
0.070000000
0.079999998
0.070000000
0.070000000
0.059999999
0.059999999
0.050000001
0.059999999
0.050000001
0.039999999
0.039999999
0.0000000
0.0000000
0.0000000
0.0000000
0.0000000
0.0000000
0.0000000
0.0000000
0.0000000
0.0000000
0.22000000
0.22000000
0.0099999998
0.029999999
0.020000000
0.029999999
0.029999999
0.020000000
0.029999999
0.029999999
0.039999999
0.039999999
0.050000001
0.079999998
0.079999998
0.050000001
0.050000001
0.059999999
0.059999999
0.050000001
0.059999999
0.070000000
0.090000004
0.090000004
0.090000004
0.11000000
0.11000000
0.18000001
0.25000000
0.20999999
0.28999999
0.49000001
0.30000001
0.30000001
0.28999999
0.36000001
0.37000000
0.41999999
0.41999999
0.56000000
0.36000001
0.44000000
0.44999999
0.41999999
0.36000001
0.34999999
0.36000001
0.27000001
0.20000000
0.19000000
0.13000000
0.13000000
0.11000000
0.11000000
0.10000000
0.12000000
0.10000000
0.090000004
0.090000004
0.079999998
0.079999998
0.070000000
0.070000000
0.070000000
0.059999999
0.050000001
0.059999999
0.050000001
0.090000004
0.039999999
0.0000000
0.0000000
0.0000000
0.0000000
0.0000000
0.0000000
0.0000000
0.0000000
0.0000000
0.0000000
0.0000000
0.0000000
0.0000000
0.0000000
0.22000000
0.22000000
0.0099999998
0.029999999
0.039999999
0.029999999
0.020000000
0.039999999
0.039999999
0.039999999
0.039999999
0.079999998
0.079999998
0.10000000
0.10000000
0.12000000
0.070000000
0.079999998
0.070000000
0.11000000
0.11000000
0.31999999
0.10000000
0.13000000
0.15000001
0.12000000
0.43000001
0.22000000
0.31999999
0.31000000
0.27000001
0.31999999
0.30000001
0.40000001
0.43000001
0.37000000
0.43000001
0.50000000
0.63000000
0.44000000
0.38000000
0.31999999
0.31999999
0.27000001
0.17000000
0.20000000
0.14000000
0.15000001
0.11000000
0.10000000
0.10000000
0.12000000
0.10000000
0.11000000
0.090000004
0.079999998
0.12000000
0.059999999
0.079999998
0.070000000
0.050000001
1.7600000
0.070000000
0.059999999
0.050000001
0.039999999
0.0000000
0.0000000
0.0000000
0.0000000
0.0000000
0.0000000
0.0000000
0.0000000
0.0000000
0.0000000
0.0000000
0.0000000
0.0000000
0.0000000
0.0000000
0.0000000
0.0000000
0.0000000
0.22000000
0.0099999998
0.0099999998
0.029999999
0.020000000
0.020000000
0.039999999
0.070000000
0.070000000
0.16000000
5.0999999
0.10000000
0.11000000
0.10000000
0.55000001
0.16000000
0.15000001
0.13000000
0.090000004
0.13000000
0.12000000
0.15000001
0.12000000
0.17000000
0.22000000
0.33000001
0.34999999
0.50000000
0.38999999
0.62000000
0.50999999
0.44000000
0.44000000
0.55000001
0.47999999
0.52999997
0.36000001
0.28999999
0.31000000
0.23999999
0.20000000
0.16000000
0.16000000
0.14000000
0.13000000
0.12000000
0.13000000
0.11000000
0.12000000
0.079999998
0.079999998
0.079999998
0.079999998
0.079999998
0.070000000
0.059999999
0.059999999
1.3500000
0.070000000
0.050000001
0.050000001
0.039999999
0.0000000
0.0000000
0.0000000
0.0000000
0.0000000
0.0000000
0.0000000
0.0000000
0.0000000
0.0000000
0.0000000
0.0000000
0.0000000
0.0000000
0.0000000
0.0000000
0.0000000
0.0000000
0.0000000
0.0000000
0.0000000
0.0000000
0.0000000
0.0099999998
0.039999999
0.050000001
0.079999998
0.14000000
0.12000000
0.070000000
0.090000004
0.10000000
0.56000000
0.12000000
0.14000000
0.16000000
0.17000000
0.15000001
0.13000000
2.3499999
0.19000000
0.25999999
0.31999999
0.30000001
0.33000001
0.44999999
0.52999997
0.47999999
0.50999999
0.50999999
0.43000001
0.51999998
0.46000001
0.47000000
0.40000001
0.41000000
0.28000000
0.25999999
0.19000000
0.16000000
0.16000000
0.14000000
0.13000000
0.14000000
0.20000000
0.079999998
0.12000000
0.090000004
0.090000004
0.070000000
0.090000004
0.079999998
0.090000004
0.070000000
0.050000001
0.050000001
0.050000001
0.050000001
0.050000001
0.039999999
0.0000000
0.0000000
0.0000000
0.0000000
0.0000000
0.0000000
0.0000000
0.0000000
0.0000000
0.0000000
0.0000000
0.0000000
0.0000000
0.0000000
0.0000000
0.0000000
0.0000000
0.0000000
0.0000000
0.0000000
0.0000000
0.0000000
0.0000000
0.0000000
0.0000000
0.0099999998
0.039999999
0.070000000
0.17000000
0.14000000
0.12000000
0.090000004
0.12000000
0.67000002
0.16000000
0.19000000
0.15000001
0.13000000
0.20000000
0.47999999
0.28999999
0.37000000
0.41000000
0.34999999
0.34000000
0.44999999
0.44999999
0.54000002
0.62000000
0.67000002
0.52999997
0.57999998
0.56999999
0.47999999
0.30000001
0.50000000
0.34999999
0.20999999
0.22000000
0.16000000
0.17000000
0.16000000
0.11000000
0.14000000
0.16000000
0.10000000
0.10000000
0.14000000
0.090000004
0.079999998
0.079999998
0.079999998
0.059999999
0.090000004
0.050000001
0.059999999
0.050000001
0.050000001
0.059999999
0.039999999
0.0000000
0.0000000
0.0000000
0.0000000
0.0000000
0.0000000
0.0000000
0.0000000
0.0000000
0.0000000
0.0000000
0.0000000
0.0000000
0.0000000
0.0000000
0.0000000
0.0000000
0.0000000
0.0000000
0.0000000
0.0000000
0.0000000
0.0000000
0.0000000
0.029999999
0.0000000
0.0099999998
0.020000000
0.13000000
0.070000000
0.10000000
0.10000000
0.11000000
0.17000000
0.18000001
0.23000000
0.28999999
0.25000000
0.25999999
0.27000001
0.37000000
0.27000001
0.31000000
0.44999999
0.41000000
0.47999999
0.44999999
0.66000003
0.63999999
0.66000003
0.81000000
0.58999997
0.68000001
0.47000000
0.44000000
0.37000000
0.38000000
0.23999999
0.20000000
0.18000001
0.15000001
0.15000001
0.14000000
0.25000000
0.14000000
0.11000000
0.12000000
0.14000000
0.090000004
0.10000000
0.10000000
0.10000000
0.059999999
0.059999999
0.059999999
0.059999999
0.059999999
0.050000001
0.059999999
0.029999999
0.0000000
0.0000000
0.0000000
0.0000000
0.0000000
0.0000000
0.0000000
0.0000000
0.0000000
0.0000000
0.0000000
0.0000000
0.0000000
0.0000000
0.0000000
0.0000000
0.0000000
0.0000000
0.0000000
0.0000000
0.0000000
0.0000000
0.0000000
0.0000000
0.0000000
0.0000000
0.020000000
0.070000000
0.20999999
0.10000000
0.38999999
0.23000000
0.14000000
0.20999999
0.17000000
0.27000001
0.28999999
0.37000000
0.34999999
0.33000001
0.31999999
0.27000001
0.38999999
0.40000001
0.56000000
0.56999999
0.54000002
0.50999999
0.63999999
0.68000001
0.89999998
0.82999998
0.64999998
0.47999999
0.60000002
0.33000001
0.20999999
0.23000000
0.18000001
0.17000000
0.15000001
0.15000001
0.23000000
0.12000000
0.11000000
0.17000000
0.12000000
0.12000000
0.10000000
0.14000000
0.070000000
0.10000000
0.070000000
0.059999999
0.090000004
0.070000000
0.059999999
0.059999999
0.050000001
0.070000000
0.0000000
0.0000000
0.0000000
0.0000000
0.0000000
0.0000000
0.0000000
0.0000000
0.0000000
0.0000000
0.0000000
0.0000000
0.0000000
0.0000000
0.0000000
0.0000000
0.0000000
0.0000000
0.0000000
0.0000000
0.0000000
0.0000000
0.0000000
0.0000000
0.020000000
0.070000000
0.039999999
0.079999998
0.11000000
0.15000001
0.15000001
0.14000000
0.15000001
0.13000000
0.25999999
0.28000000
0.34999999
0.23000000
0.20999999
0.23999999
0.23999999
0.30000001
0.38999999
0.44999999
0.46000001
0.56999999
0.55000001
0.77999997
0.80000001
0.69999999
1.0100000
0.81000000
0.58999997
0.74000001
0.51999998
0.38999999
0.28999999
0.22000000
0.18000001
0.16000000
0.13000000
0.14000000
0.13000000
0.13000000
0.17000000
0.13000000
0.13000000
0.12000000
0.13000000
0.12000000
0.090000004
0.079999998
0.19000000
0.070000000
0.079999998
0.12000000
0.039999999
0.059999999
0.050000001
0.029999999
0.0000000
0.0000000
0.0000000
0.0000000
0.0000000
0.0000000
0.0000000
0.0000000
0.0000000
0.0000000
0.0000000
0.0000000
0.0000000
0.0000000
0.0000000
0.0000000
0.0000000
0.0000000
0.0000000
0.0000000
0.0000000
0.0099999998
0.050000001
0.039999999
0.050000001
0.059999999
0.11000000
0.079999998
0.090000004
0.11000000
2.3199999
0.27000001
0.50000000
0.28999999
0.25000000
0.20000000
0.22000000
0.23999999
0.25000000
0.31000000
0.30000001
0.38999999
0.56000000
0.72000003
0.54000002
0.54000002
0.69000000
0.82999998
1.1200000
1.0200000
0.85000002
0.79000002
0.63999999
0.63000000
0.58999997
0.41000000
0.22000000
0.22000000
0.16000000
0.14000000
0.16000000
0.12000000
0.14000000
0.16000000
0.16000000
0.11000000
0.17000000
0.15000001
0.10000000
0.11000000
0.10000000
0.079999998
0.059999999
0.070000000
0.070000000
0.050000001
0.039999999
0.10000000
0.039999999
0.050000001
0.0000000
0.0000000
0.0000000
0.0000000
0.0000000
0.0000000
0.0000000
0.0000000
0.0000000
0.0000000
0.0000000
0.0000000
0.0000000
0.0000000
0.0099999998
0.039999999
0.039999999
0.039999999
0.029999999
0.050000001
0.039999999
0.050000001
0.050000001
0.070000000
0.079999998
0.16000000
0.27000001
0.23000000
0.47999999
0.36000001
0.13000000
0.20000000
0.23999999
0.23000000
0.18000001
0.25000000
0.25999999
0.22000000
0.27000001
0.43000001
0.50000000
0.56000000
0.51999998
0.70999998
0.74000001
0.76999998
0.75999999
0.86000001
1.1300000
1.0500000
0.68000001
0.77999997
0.79000002
0.63000000
0.50000000
0.31999999
0.20999999
0.16000000
0.17000000
0.18000001
0.14000000
0.11000000
0.13000000
0.13000000
0.15000001
0.19000000
0.14000000
0.17000000
0.16000000
0.10000000
0.090000004
0.12000000
0.070000000
0.070000000
0.090000004
0.070000000
0.059999999
0.12000000
0.050000001
0.029999999
0.0000000
0.0000000
0.0000000
0.0000000
0.0000000
0.0000000
0.0099999998
0.070000000
0.029999999
0.039999999
0.039999999
0.050000001
0.050000001
0.050000001
0.029999999
0.050000001
0.039999999
0.050000001
0.050000001
0.059999999
0.059999999
0.059999999
0.18000001
0.12000000
0.11000000
0.079999998
0.12000000
0.12000000
0.13000000
0.17000000
0.22000000
0.23000000
0.22000000
0.22000000
0.23000000
0.23999999
0.23000000
0.28999999
0.34999999
0.47999999
0.57999998
0.63000000
0.63999999
0.64999998
0.69999999
0.70999998
0.83999997
1.0200000
0.94999999
1.1400000
1.1300000
0.92000002
0.82999998
0.47999999
0.41999999
0.28999999
0.25000000
0.20999999
0.14000000
0.13000000
0.20999999
0.13000000
0.11000000
0.17000000
0.20000000
0.16000000
0.16000000
0.13000000
0.10000000
0.13000000
0.12000000
0.10000000
0.059999999
0.090000004
0.090000004
0.050000001
0.050000001
0.12000000
0.039999999
0.029999999
0.039999999
0.050000001
0.050000001
0.050000001
0.050000001
0.050000001
0.050000001
0.050000001
0.050000001
0.050000001
0.039999999
0.039999999
0.039999999
0.039999999
0.039999999
0.050000001
0.039999999
0.059999999
0.19000000
2.2600000
1.4000000
0.36000001
0.079999998
0.10000000
0.41000000
0.12000000
0.12000000
0.12000000
0.14000000
0.36000001
0.15000001
0.16000000
0.18000001
0.22000000
0.20000000
0.25999999
0.30000001
0.34000000
0.40000001
0.50000000
0.54000002
0.79000002
0.67000002
0.74000001
1.0700001
1.1400000
0.83999997
1.0599999
1.1100000
1.0800000
0.89999998
0.70999998
0.80000001
0.47999999
0.52999997
0.33000001
0.27000001
0.22000000
0.18000001
0.14000000
0.19000000
0.13000000
0.14000000
0.19000000
0.15000001
0.14000000
0.11000000
0.12000000
0.079999998
0.11000000
0.11000000
0.12000000
0.15000001
0.10000000
0.070000000
0.050000001
0.090000004
0.10000000
0.039999999
0.039999999
0.070000000
0.050000001
0.050000001
0.050000001
0.020000000
0.039999999
0.039999999
0.039999999
0.039999999
0.039999999
0.039999999
0.039999999
0.039999999
0.050000001
0.050000001
0.050000001
0.059999999
0.050000001
0.059999999
0.070000000
0.070000000
0.090000004
0.17000000
0.079999998
0.10000000
0.10000000
0.51999998
0.12000000
0.13000000
0.27000001
0.19000000
0.20000000
0.23000000
0.23000000
0.25999999
0.33000001
0.28000000
0.37000000
0.43000001
0.64999998
0.64999998
0.55000001
0.85000002
1.1900001
1.1400000
1.0100000
0.94000000
1.0800000
1.1799999
1.0900000
0.77999997
0.76999998
0.77999997
0.57999998
0.41999999
0.44000000
0.27000001
0.23999999
0.15000001
0.11000000
0.14000000
0.15000001
0.16000000
0.13000000
0.13000000
0.10000000
0.10000000
0.12000000
0.079999998
0.11000000
0.17000000
0.11000000
0.10000000
0.079999998
0.090000004
0.059999999
0.059999999
0.070000000
0.050000001
0.029999999
0.029999999
0.039999999
0.050000001
0.050000001
0.039999999
0.039999999
0.039999999
0.039999999
0.039999999
0.039999999
0.050000001
0.050000001
0.059999999
0.050000001
0.050000001
0.050000001
0.050000001
0.059999999
0.059999999
0.070000000
0.070000000
0.090000004
0.52999997
0.10000000
2.3000000
0.10000000
0.13000000
0.23999999
0.34000000
0.20000000
0.20999999
0.23000000
0.23999999
0.34000000
0.36000001
0.40000001
0.41000000
0.46000001
0.51999998
0.60000002
0.74000001
0.75000000
1.0100000
1.1500000
1.0900000
1.2700000
1.1700000
1.1900001
1.3000000
1.0599999
1.2000000
0.70999998
0.60000002
0.57999998
0.47000000
0.31999999
0.28999999
0.25999999
0.20000000
0.14000000
0.15000001
0.11000000
0.079999998
0.13000000
0.10000000
0.079999998
0.13000000
0.090000004
0.079999998
0.13000000
0.10000000
0.070000000
0.079999998
0.090000004
0.079999998
0.050000001
0.070000000
0.059999999
0.039999999
0.029999999
0.039999999
0.039999999
0.039999999
0.039999999
0.039999999
0.039999999
0.039999999
0.039999999
0.039999999
0.039999999
0.039999999
0.039999999
0.039999999
0.039999999
0.039999999
0.050000001
0.050000001
0.050000001
0.12000000
0.059999999
0.070000000
0.070000000
0.079999998
0.17000000
0.090000004
1.3700000
0.13000000
0.16000000
0.19000000
0.22000000
0.23999999
0.23000000
0.23999999
0.27000001
0.38000000
0.44000000
0.44000000
0.51999998
0.70999998
0.72000003
0.91000003
0.97000003
1.0200000
1.0400000
1.1300000
1.4000000
1.0900000
1.2500000
1.1600000
1.1900001
1.0100000
0.75999999
0.75000000
0.51999998
0.38999999
0.38999999
0.31000000
0.22000000
0.20999999
0.17000000
0.13000000
0.14000000
0.090000004
0.090000004
0.13000000
0.10000000
0.10000000
0.079999998
0.090000004
0.10000000
0.059999999
0.059999999
0.12000000
0.070000000
0.050000001
0.050000001
0.079999998
0.050000001
0.039999999
0.029999999
0.029999999
0.039999999
0.039999999
0.050000001
0.039999999
0.039999999
0.039999999
0.039999999
0.039999999
0.039999999
0.029999999
0.029999999
0.039999999
0.039999999
0.050000001
0.050000001
0.050000001
0.050000001
0.059999999
0.059999999
0.11000000
0.13000000
0.10000000
0.18000001
0.22000000
0.20000000
0.20000000
0.23000000
0.25999999
0.23999999
0.25999999
0.31999999
0.36000001
0.38999999
0.44999999
0.41000000
0.57999998
0.69000000
0.69999999
0.76999998
1.0800000
1.1400000
1.1400000
1.1600000
1.2700000
1.2400000
1.2400000
1.1400000
1.2000000
1.0000000
0.93000001
0.76999998
0.63000000
0.58999997
0.46000001
0.37000000
0.33000001
0.22000000
0.20999999
0.17000000
0.16000000
0.10000000
0.090000004
0.11000000
0.070000000
0.079999998
0.079999998
0.070000000
0.070000000
0.070000000
0.079999998
0.090000004
0.070000000
0.059999999
0.059999999
0.039999999
0.050000001
0.050000001
0.029999999
0.050000001
0.029999999
0.039999999
0.029999999
0.029999999
0.029999999
0.029999999
0.029999999
0.029999999
0.029999999
0.029999999
0.039999999
0.039999999
0.039999999
0.050000001
0.039999999
0.050000001
1.9800000
0.070000000
0.079999998
1.5599999
0.23999999
0.15000001
0.19000000
0.18000001
0.20000000
0.20999999
0.20000000
0.19000000
0.23999999
0.25999999
0.28000000
0.30000001
0.36000001
0.46000001
0.55000001
0.63999999
0.70999998
0.77999997
0.88000000
1.0700001
1.1700000
1.1799999
1.2800000
1.3400000
1.2900000
1.2800000
1.3400000
1.2500000
1.1600000
1.1000000
0.98000002
0.83999997
0.76999998
0.69000000
0.50999999
0.41000000
0.36000001
0.23000000
0.15000001
0.15000001
0.13000000
0.11000000
0.14000000
0.090000004
0.079999998
0.090000004
0.079999998
0.059999999
0.059999999
0.059999999
0.059999999
0.059999999
0.079999998
0.050000001
0.039999999
0.050000001
0.059999999
0.050000001
0.039999999
0.039999999
0.020000000
0.029999999
0.029999999
0.029999999
0.029999999
0.029999999
0.029999999
0.029999999
0.029999999
0.029999999
2.1500001
0.029999999
0.029999999
0.19000000
0.039999999
0.059999999
0.090000004
0.079999998
0.13000000
0.090000004
0.079999998
0.079999998
0.11000000
0.22000000
0.15000001
0.20000000
0.22000000
0.23999999
0.23999999
0.27000001
0.31000000
0.36000001
0.41000000
0.50999999
0.51999998
0.58999997
0.73000002
0.87000000
0.99000001
1.0700001
1.1400000
1.3099999
1.2700000
1.3000000
1.2600000
1.3400000
1.4000000
1.3700000
1.2500000
0.97000003
0.85000002
0.74000001
0.61000001
0.55000001
0.52999997
0.41000000
0.31000000
0.25000000
0.23999999
0.14000000
0.11000000
0.18000001
0.10000000
0.090000004
0.090000004
0.090000004
0.070000000
0.059999999
0.070000000
0.059999999
0.059999999
0.059999999
0.050000001
0.050000001
0.050000001
0.059999999
0.059999999
0.050000001
0.039999999
0.029999999
0.020000000
0.029999999
0.029999999
0.029999999
0.029999999
0.029999999
0.029999999
0.029999999
0.029999999
0.029999999
0.039999999
0.039999999
0.039999999
0.039999999
0.039999999
0.050000001
0.070000000
0.079999998
0.079999998
0.079999998
0.10000000
0.12000000
0.14000000
0.38000000
0.17000000
0.18000001
0.20999999
0.25000000
0.28999999
0.38999999
0.41999999
0.44000000
0.50999999
0.55000001
0.63000000
0.69000000
0.81000000
0.95999998
0.99000001
1.1000000
1.2700000
1.2400000
1.4100000
1.3700000
1.4900000
1.4000000
1.3300000
1.3700000
1.1100000
1.0599999
1.0200000
0.85000002
0.74000001
0.60000002
0.47999999
0.34000000
0.33000001
0.28000000
0.25999999
0.19000000
0.18000001
0.13000000
0.079999998
0.090000004
0.090000004
0.090000004
0.059999999
0.079999998
0.11000000
0.070000000
0.050000001
0.059999999
0.070000000
0.090000004
0.059999999
0.050000001
0.059999999
0.059999999
0.050000001
0.070000000
0.020000000
0.029999999
0.020000000
0.020000000
0.020000000
0.020000000
0.020000000
0.029999999
0.039999999
0.029999999
0.029999999
0.029999999
0.029999999
0.039999999
0.050000001
0.36000001
0.070000000
0.079999998
0.079999998
0.83999997
0.11000000
0.12000000
0.13000000
0.16000000
0.20999999
0.27000001
0.28999999
0.31999999
0.34999999
0.41000000
0.44000000
0.50000000
0.62000000
0.64999998
0.75999999
0.80000001
0.94000000
1.1000000
1.1500000
1.2400000
1.3000000
1.4200000
1.3800000
1.5000000
1.5100000
1.4800000
1.4700000
1.1700000
1.1300000
1.0700001
0.93000001
0.81999999
0.63999999
0.58999997
0.51999998
0.40000001
0.33000001
0.28999999
0.23000000
0.18000001
0.19000000
0.11000000
0.11000000
0.070000000
0.090000004
0.10000000
0.090000004
0.059999999
0.079999998
0.070000000
0.10000000
0.090000004
0.059999999
0.050000001
0.050000001
0.059999999
0.059999999
0.050000001
0.050000001
0.039999999
0.020000000
0.020000000
0.020000000
0.020000000
0.020000000
0.029999999
0.020000000
0.020000000
0.029999999
0.029999999
0.029999999
0.029999999
0.029999999
0.059999999
0.070000000
0.050000001
0.059999999
0.079999998
2.2400000
0.23999999
0.49000001
0.23000000
0.15000001
0.19000000
0.18000001
0.25999999
0.27000001
0.33000001
0.38999999
0.41999999
0.47999999
0.56999999
0.70999998
0.75000000
0.83999997
0.97000003
0.98000002
1.1200000
1.2600000
1.2400000
1.4600000
1.4800000
1.5000000
1.6000000
1.5100000
1.4600000
1.3400000
1.2900000
1.1200000
1.0000000
1.0000000
0.75000000
0.60000002
0.50000000
0.47000000
0.36000001
0.28000000
0.23999999
0.22000000
0.15000001
0.12000000
0.10000000
0.10000000
0.11000000
0.070000000
0.059999999
0.059999999
0.059999999
0.059999999
0.059999999
0.079999998
0.079999998
0.059999999
0.059999999
0.050000001
0.090000004
0.079999998
0.050000001
0.12000000
0.039999999
0.020000000
0.020000000
0.020000000
0.020000000
0.050000001
0.020000000
0.029999999
0.039999999
0.029999999
0.10000000
0.039999999
0.050000001
0.28000000
0.059999999
0.039999999
0.079999998
0.050000001
0.070000000
0.54000002
0.090000004
0.11000000
0.13000000
0.20000000
0.22000000
0.20999999
0.22000000
0.27000001
0.34000000
0.44999999
0.52999997
0.54000002
0.60000002
0.66000003
0.75000000
0.87000000
1.0599999
1.1900001
1.2600000
1.4000000
1.4400001
1.5500000
1.6400000
1.6200000
1.4800000
1.3800000
1.3200001
1.2300000
1.1700000
0.88999999
0.89999998
0.81999999
0.75999999
0.58999997
0.49000001
0.50000000
0.44000000
0.25999999
0.23999999
0.20000000
0.13000000
0.11000000
0.090000004
0.070000000
0.059999999
0.059999999
0.059999999
0.059999999
0.070000000
0.070000000
0.070000000
0.070000000
0.079999998
0.050000001
0.050000001
0.050000001
0.050000001
0.070000000
0.079999998
0.050000001
0.029999999
0.039999999
0.039999999
0.38000000
0.039999999
0.039999999
0.039999999
0.039999999
0.029999999
0.029999999
0.029999999
0.039999999
0.050000001
0.050000001
0.039999999
0.050000001
0.059999999
0.28999999
0.10000000
0.18000001
0.47000000
0.13000000
0.14000000
0.17000000
0.20000000
0.28999999
0.31000000
0.34999999
0.43000001
0.49000001
0.50000000
0.66000003
0.73000002
0.88000000
1.0000000
1.1900001
1.2200000
1.2600000
1.3700000
1.4400001
1.6500000
1.6799999
1.7000000
1.6000000
1.5500000
1.5000000
1.4000000
1.3300000
1.2000000
0.99000001
0.91000003
0.77999997
0.80000001
0.61000001
0.52999997
0.55000001
0.37000000
0.28000000
0.22000000
0.23999999
0.15000001
0.10000000
0.079999998
0.13000000
0.090000004
0.050000001
0.059999999
0.059999999
0.050000001
0.050000001
0.050000001
0.039999999
0.050000001
0.050000001
0.039999999
0.059999999
0.070000000
0.050000001
0.029999999
0.029999999
0.039999999
0.029999999
0.029999999
0.029999999
0.029999999
0.029999999
0.23999999
0.029999999
0.12000000
0.039999999
0.87000000
0.050000001
0.27000001
0.57999998
0.079999998
2.2900000
0.10000000
0.17000000
0.19000000
0.20999999
0.18000001
0.20999999
0.25000000
0.28000000
0.31999999
0.34999999
0.38000000
0.44000000
0.50999999
0.57999998
0.72000003
0.81999999
0.94999999
1.0300000
1.1900001
1.3099999
1.3300000
1.4200000
1.5400000
1.5300000
1.4900000
1.6000000
1.6400000
1.6799999
1.4700000
1.4299999
1.2300000
1.2100000
1.1700000
1.0100000
0.92000002
0.79000002
0.61000001
0.54000002
0.61000001
0.44999999
0.27000001
0.28999999
0.20999999
0.15000001
0.13000000
0.070000000
0.090000004
0.059999999
0.059999999
0.050000001
0.039999999
0.050000001
0.039999999
0.039999999
0.039999999
0.050000001
0.070000000
0.039999999
0.039999999
0.059999999
0.059999999
0.039999999
0.039999999
0.050000001
0.039999999
0.020000000
0.039999999
0.029999999
0.020000000
0.029999999
0.020000000
0.020000000
0.029999999
0.029999999
0.029999999
0.029999999
0.029999999
0.039999999
0.050000001
0.059999999
0.070000000
0.090000004
0.11000000
0.14000000
0.19000000
0.23000000
0.27000001
0.34000000
0.34999999
0.37000000
0.41000000
0.49000001
0.56000000
0.63000000
0.81999999
0.88000000
1.0200000
1.0599999
1.2500000
1.3099999
1.4400001
1.4700000
1.6100000
1.5800000
1.7300000
1.8000000
1.6000000
1.5100000
1.4299999
1.3000000
1.3200001
1.3000000
1.0900000
1.0599999
0.76999998
0.66000003
0.81999999
0.60000002
0.49000001
0.41999999
0.33000001
0.18000001
0.19000000
0.19000000
0.12000000
0.079999998
0.070000000
0.050000001
0.050000001
0.070000000
0.079999998
0.039999999
0.039999999
0.050000001
0.079999998
0.039999999
0.039999999
0.050000001
0.039999999
0.079999998
0.039999999
0.039999999
0.050000001
0.039999999
0.029999999
0.029999999
0.029999999
0.029999999
0.039999999
0.029999999
0.029999999
0.029999999
0.039999999
0.039999999
0.039999999
0.029999999
0.039999999
0.27000001
0.54000002
0.070000000
0.11000000
0.13000000
0.14000000
0.15000001
0.18000001
0.23000000
0.31999999
0.33000001
0.41000000
0.44999999
0.50000000
0.58999997
0.70999998
0.80000001
0.88000000
1.0400000
1.1600000
1.3200001
1.4500000
1.4299999
1.4900000
1.5599999
1.4900000
1.5900000
1.6100000
1.6500000
1.4900000
1.5900000
1.3700000
1.2600000
1.2500000
1.0300000
1.0000000
1.0100000
0.83999997
0.74000001
0.75000000
0.63000000
0.50000000
0.38999999
0.31999999
0.23999999
0.20999999
0.079999998
0.079999998
0.050000001
0.050000001
0.050000001
0.050000001
0.050000001
0.039999999
0.050000001
0.050000001
0.039999999
0.050000001
0.090000004
0.039999999
0.039999999
0.050000001
0.039999999
0.059999999
0.039999999
0.039999999
0.039999999
0.020000000
0.029999999
0.050000001
0.029999999
0.029999999
0.029999999
0.039999999
0.039999999
0.050000001
0.050000001
0.31999999
0.050000001
0.059999999
0.36000001
0.11000000
0.22000000
0.11000000
0.13000000
0.17000000
0.19000000
0.23999999
0.28999999
0.41000000
0.47000000
0.41999999
0.47000000
0.52999997
0.61000001
0.75999999
0.86000001
1.0000000
1.1400000
1.2200000
1.3200001
1.3600000
1.4200000
1.5400000
1.5800000
1.7800000
1.7200000
1.8200001
1.8500000
1.7500000
1.6100000
1.4900000
1.4200000
1.1799999
1.1500000
0.98000002
0.75000000
0.88999999
0.85000002
0.58999997
0.50000000
0.46000001
0.38999999
0.37000000
0.27000001
0.20000000
0.13000000
0.090000004
0.090000004
0.059999999
0.050000001
0.059999999
0.070000000
0.050000001
0.050000001
0.039999999
0.039999999
0.039999999
0.039999999
0.050000001
0.039999999
0.059999999
0.039999999
0.050000001
0.039999999
0.039999999
0.029999999
0.029999999
0.039999999
0.029999999
0.029999999
0.029999999
0.029999999
0.14000000
0.070000000
0.029999999
0.039999999
0.039999999
1.4600000
1.5000000
0.050000001
0.050000001
0.059999999
0.070000000
0.11000000
0.13000000
0.17000000
0.20000000
0.23999999
0.28999999
0.34999999
0.46000001
0.52999997
0.66000003
0.73000002
0.81000000
0.89999998
1.0000000
1.1700000
1.2800000
1.4600000
1.5900000
1.6600000
1.6900001
1.7900000
1.7600000
1.7900000
1.6500000
1.6100000
1.5000000
1.4500000
1.4700000
1.3200001
1.1900001
1.2000000
1.1000000
1.0200000
0.80000001
0.81999999
0.61000001
0.44000000
0.38000000
0.23999999
0.20000000
0.22000000
0.16000000
0.13000000
0.11000000
0.070000000
0.059999999
0.059999999
0.050000001
0.050000001
0.039999999
0.050000001
0.039999999
0.050000001
0.039999999
0.039999999
0.039999999
0.039999999
0.039999999
0.039999999
0.11000000
0.039999999
0.039999999
0.039999999
0.020000000
0.039999999
0.039999999
0.029999999
0.029999999
0.20000000
1.4299999
0.43000001
0.050000001
0.18000001
0.050000001
0.059999999
0.050000001
0.070000000
0.80000001
0.12000000
0.12000000
0.13000000
0.16000000
0.19000000
0.27000001
0.28000000
0.33000001
0.41000000
0.46000001
0.56999999
0.69999999
0.76999998
0.87000000
1.0100000
1.1300000
1.2200000
1.3900000
1.5300000
1.7100000
1.7100000
1.8300000
1.6700000
1.7500000
1.6100000
1.6300000
1.5500000
1.4900000
1.2900000
1.3200001
1.3800000
1.2300000
1.1300000
1.0100000
0.98000002
0.67000002
0.50000000
0.47999999
0.34000000
0.25000000
0.23000000
0.20999999
0.20999999
0.090000004
0.079999998
0.059999999
0.059999999
0.059999999
0.050000001
0.050000001
0.050000001
0.039999999
0.039999999
0.039999999
0.039999999
0.039999999
0.039999999
0.070000000
0.039999999
0.039999999
0.039999999
0.039999999
0.039999999
0.039999999
0.050000001
0.020000000
0.029999999
0.029999999
0.039999999
0.029999999
0.029999999
0.029999999
0.029999999
0.029999999
0.039999999
0.059999999
0.079999998
0.070000000
0.079999998
0.090000004
0.10000000
0.11000000
0.12000000
1.9299999
0.18000001
0.22000000
0.30000001
0.34999999
0.44000000
0.50999999
0.62000000
0.69000000
0.85000002
0.99000001
1.1400000
1.2500000
1.4000000
1.4100000
1.5800000
1.6100000
1.7400000
1.7400000
1.9500000
1.8200001
1.8400000
1.6799999
1.5300000
1.5000000
1.3900000
1.3600000
1.3300000
1.1700000
0.94999999
0.81000000
0.79000002
0.63999999
0.55000001
0.50999999
0.44999999
0.36000001
0.36000001
0.25999999
0.20999999
0.28999999
0.14000000
0.13000000
0.079999998
0.070000000
0.050000001
0.050000001
0.039999999
0.039999999
0.039999999
0.039999999
0.050000001
0.039999999
0.050000001
0.039999999
0.039999999
0.039999999
0.039999999
0.039999999
0.029999999
0.050000001
0.20000000
0.029999999
0.039999999
0.039999999
0.039999999
0.039999999
0.039999999
0.039999999
0.050000001
0.33000001
0.039999999
0.050000001
0.050000001
0.050000001
0.070000000
0.070000000
0.10000000
0.11000000
0.12000000
0.14000000
0.20999999
0.46000001
0.34000000
0.38000000
0.44000000
0.56999999
0.70999998
0.87000000
0.97000003
1.0700001
1.1900001
1.3500000
1.5400000
1.7300000
1.7800000
1.9400001
1.9299999
1.8000000
1.6500000
1.6100000
1.7000000
1.9400001
1.7000000
1.6500000
1.5700001
1.3300000
1.2600000
1.2400000
1.2000000
1.0500000
0.77999997
0.69000000
0.63000000
0.44000000
0.33000001
0.34000000
0.34000000
0.20000000
0.090000004
0.15000001
0.12000000
0.059999999
0.059999999
0.070000000
0.059999999
0.050000001
0.039999999
0.050000001
0.039999999
0.039999999
0.039999999
0.039999999
0.029999999
0.039999999
0.059999999
0.039999999
0.039999999
0.039999999
0.039999999
0.039999999
0.039999999
0.029999999
0.039999999
0.039999999
0.050000001
0.050000001
0.039999999
0.050000001
0.050000001
0.050000001
0.050000001
0.039999999
0.28999999
0.090000004
0.079999998
0.070000000
0.11000000
0.10000000
0.13000000
0.17000000
0.20999999
0.28000000
0.28999999
0.34999999
0.46000001
0.56999999
0.64999998
0.80000001
0.95999998
1.1700000
1.2800000
1.3900000
1.5900000
1.7700000
1.9400001
1.9500000
1.9700000
1.9800000
1.9900000
1.7800000
1.7300000
1.8000000
1.7700000
1.7100000
1.5100000
1.4299999
1.4000000
1.0900000
1.0400000
0.94000000
0.81999999
0.73000002
0.55000001
0.47000000
0.40000001
0.41000000
0.34000000
0.23999999
0.14000000
0.13000000
0.10000000
0.079999998
0.070000000
0.070000000
0.059999999
0.050000001
0.059999999
0.039999999
0.050000001
0.039999999
0.059999999
0.039999999
0.050000001
0.039999999
0.039999999
0.039999999
0.039999999
0.039999999
0.039999999
0.050000001
0.050000001
0.050000001
0.039999999
0.039999999
0.050000001
0.050000001
0.050000001
0.070000000
0.079999998
0.070000000
0.070000000
0.059999999
0.070000000
0.11000000
0.090000004
0.10000000
0.090000004
0.10000000
0.28999999
0.17000000
0.22000000
0.25999999
2.5699999
0.47999999
0.56000000
0.58999997
0.80000001
0.89999998
1.0200000
1.0900000
1.3099999
1.5700001
1.7200000
1.7800000
1.9600000
2.0799999
1.9400001
1.9500000
1.8800000
2.0000000
1.9500000
1.7500000
1.7700000
1.6000000
1.4600000
1.3900000
1.3000000
1.1400000
0.95999998
0.89999998
0.73000002
0.68000001
0.52999997
0.46000001
0.33000001
0.23000000
0.20000000
0.22000000
0.15000001
0.11000000
0.090000004
0.079999998
0.059999999
0.050000001
0.050000001
0.039999999
0.070000000
0.039999999
0.039999999
0.039999999
0.039999999
0.039999999
0.039999999
0.039999999
0.039999999
0.050000001
0.039999999
0.050000001
0.039999999
0.039999999
0.050000001
0.029999999
0.039999999
0.050000001
0.039999999
0.039999999
0.039999999
0.039999999
0.059999999
0.070000000
0.090000004
0.17000000
0.079999998
0.090000004
0.12000000
0.13000000
0.14000000
0.16000000
0.17000000
0.19000000
0.23000000
0.30000001
0.34000000
0.44999999
0.56999999
0.72000003
0.87000000
0.97000003
1.1000000
1.2800000
1.5400000
1.7000000
1.8500000
2.0400000
2.0599999
1.9500000
2.0899999
2.0899999
1.9100000
1.8300000
1.6799999
1.7500000
1.6300000
1.4200000
1.2700000
1.2900000
1.1700000
1.0200000
0.98000002
0.82999998
0.75000000
0.55000001
0.50999999
0.44999999
0.28000000
0.27000001
0.15000001
0.070000000
0.070000000
0.059999999
0.059999999
0.059999999
0.050000001
0.039999999
0.039999999
0.050000001
0.039999999
0.039999999
0.039999999
0.039999999
0.039999999
0.039999999
0.039999999
0.039999999
0.039999999
0.039999999
0.039999999
0.039999999
0.070000000
0.039999999
0.039999999
0.020000000
0.039999999
0.039999999
0.039999999
0.039999999
0.039999999
0.039999999
0.050000001
0.039999999
0.039999999
0.039999999
0.050000001
0.14000000
0.059999999
0.41999999
0.12000000
0.12000000
0.15000001
0.19000000
0.25999999
0.34999999
0.43000001
0.56999999
0.74000001
0.88999999
0.94999999
1.0700001
1.3700000
1.4100000
1.6900001
2.0300000
2.0200000
2.0999999
2.3399999
2.2700000
2.1900001
2.0300000
1.9900000
1.8600000
1.8200001
1.6600000
1.5300000
1.3900000
1.3700000
1.3400000
1.2100000
1.3600000
0.95999998
0.86000001
0.79000002
0.69999999
0.46000001
0.31999999
0.31999999
0.17000000
0.13000000
0.13000000
0.090000004
0.090000004
0.070000000
0.070000000
0.059999999
0.059999999
0.059999999
0.050000001
0.050000001
0.039999999
0.039999999
0.039999999
0.039999999
0.039999999
0.039999999
0.039999999
0.039999999
0.029999999
0.039999999
0.029999999
0.029999999
0.039999999
0.039999999
0.020000000
0.039999999
0.039999999
0.039999999
0.039999999
0.039999999
0.050000001
0.039999999
0.039999999
0.090000004
0.090000004
0.059999999
0.070000000
0.14000000
0.14000000
0.16000000
0.46000001
0.36000001
0.31999999
0.41000000
0.47999999
0.50000000
0.60000002
0.80000001
0.87000000
1.0400000
1.1500000
1.2800000
1.5700001
1.6900001
1.9100000
2.1300001
2.2000000
2.2100000
2.2400000
2.0699999
2.1300001
2.1199999
1.9800000
1.7900000
1.6200000
1.6700000
1.4800000
1.3900000
1.2900000
1.1700000
1.0599999
0.98000002
0.80000001
0.69999999
0.57999998
0.36000001
0.33000001
0.20000000
0.13000000
0.10000000
0.079999998
0.050000001
0.079999998
0.050000001
0.039999999
0.050000001
0.050000001
0.050000001
0.039999999
0.039999999
0.050000001
0.039999999
0.039999999
0.039999999
0.039999999
0.039999999
0.039999999
0.039999999
0.029999999
0.039999999
0.029999999
0.039999999
0.029999999
0.039999999
0.029999999
0.039999999
0.050000001
0.039999999
0.039999999
0.039999999
0.079999998
0.050000001
0.039999999
0.050000001
0.050000001
0.059999999
0.050000001
0.059999999
0.10000000
0.23000000
0.15000001
0.25000000
0.36000001
0.41999999
0.51999998
0.57999998
0.64999998
0.79000002
1.0200000
1.1100000
1.2200000
1.5100000
1.7600000
1.8200001
1.9299999
2.0599999
2.1800001
2.2000000
2.2300000
2.3599999
2.3599999
2.4000001
2.2200000
2.0699999
1.8700000
1.8300000
1.7000000
1.4400001
1.1400000
0.99000001
1.0200000
0.72000003
0.63999999
0.57999998
0.47999999
0.66000003
0.34000000
0.20999999
0.16000000
0.17000000
0.10000000
0.079999998
0.070000000
0.050000001
0.050000001
0.039999999
0.039999999
0.039999999
0.039999999
0.050000001
0.039999999
0.039999999
0.039999999
0.050000001
0.050000001
0.039999999
0.039999999
0.039999999
0.039999999
0.039999999
0.039999999
0.039999999
0.039999999
0.039999999
0.020000000
0.059999999
0.059999999
0.070000000
0.050000001
0.050000001
0.050000001
0.050000001
0.050000001
0.039999999
0.050000001
0.050000001
0.059999999
0.070000000
0.070000000
0.17000000
0.15000001
0.23999999
0.31000000
0.47000000
0.57999998
0.74000001
1.0000000
1.1200000
1.3300000
1.5500000
1.5400000
2.0500000
2.2700000
2.3000000
2.5899999
2.5500000
2.4800000
2.5899999
2.6199999
2.4400001
2.8699999
2.3900001
2.3399999
2.1300001
1.7100000
1.5700001
1.7000000
1.5400000
1.1799999
1.0100000
0.82999998
0.75000000
0.50999999
0.52999997
0.56000000
0.28999999
0.38999999
0.18000001
0.16000000
0.12000000
0.13000000
0.079999998
0.079999998
0.050000001
0.059999999
0.050000001
0.050000001
0.070000000
0.039999999
0.039999999
0.039999999
0.039999999
0.050000001
0.039999999
0.039999999
0.039999999
0.039999999
0.059999999
0.039999999
0.039999999
0.039999999
0.039999999
0.039999999
0.050000001
0.029999999
0.070000000
0.070000000
0.059999999
0.059999999
0.059999999
0.050000001
0.050000001
0.34999999
0.15000001
0.10000000
0.13000000
0.070000000
0.079999998
0.13000000
0.13000000
0.16000000
0.28999999
0.30000001
0.50000000
0.52999997
0.67000002
0.83999997
1.0900000
1.4600000
1.6100000
1.8900000
1.9299999
2.1300001
2.1500001
2.3699999
2.1099999
2.2100000
2.4800000
2.2700000
2.0699999
2.1400001
2.1099999
2.3199999
2.0500000
1.7600000
1.8600000
2.0999999
1.4900000
1.2300000
1.1000000
0.91000003
0.72000003
0.57999998
0.41999999
0.46000001
0.25000000
0.28000000
0.20999999
0.22000000
0.14000000
0.070000000
0.10000000
0.039999999
0.050000001
0.039999999
0.039999999
0.039999999
0.039999999
0.039999999
0.029999999
0.039999999
0.029999999
0.039999999
0.039999999
0.039999999
0.039999999
0.31999999
0.039999999
0.039999999
0.039999999
0.039999999
0.039999999
0.039999999
0.050000001
0.029999999
0.050000001
0.050000001
0.050000001
0.050000001
0.050000001
0.050000001
0.050000001
0.039999999
0.050000001
0.039999999
0.070000000
0.059999999
0.079999998
0.10000000
0.14000000
0.22000000
0.23999999
0.34000000
0.41999999
0.54000002
0.80000001
0.87000000
0.91000003
1.2100000
1.6000000
1.8900000
2.1500001
2.4500000
2.5999999
2.6400001
2.8499999
3.0100000
2.5400000
3.0200000
3.1600001
2.7300000
2.2300000
2.3299999
1.9000000
1.7500000
1.9100000
1.7600000
1.6200000
1.1000000
1.2100000
1.0000000
0.81000000
0.64999998
0.40000001
0.27000001
0.27000001
0.16000000
0.15000001
0.13000000
0.10000000
0.079999998
0.050000001
0.059999999
0.050000001
0.039999999
0.029999999
0.029999999
0.029999999
0.029999999
0.039999999
0.050000001
0.039999999
0.039999999
0.039999999
0.029999999
0.039999999
0.029999999
0.039999999
0.029999999
0.039999999
0.039999999
0.039999999
0.039999999
0.050000001
0.020000000
0.050000001
0.050000001
0.050000001
0.039999999
0.050000001
0.039999999
0.059999999
0.050000001
0.070000000
0.070000000
0.10000000
0.079999998
0.10000000
0.12000000
0.25000000
0.28000000
0.41999999
0.54000002
0.62000000
0.80000001
1.0900000
0.87000000
1.2200000
1.5300000
1.9100000
2.1099999
2.0300000
1.9900000
2.3299999
2.4300001
2.5400000
2.5500000
2.3800001
2.3900001
2.0300000
2.1300001
2.2300000
2.0699999
1.9100000
1.7100000
1.4900000
1.4700000
1.2200000
1.2500000
1.0700001
0.89999998
0.85000002
0.60000002
0.41000000
0.37000000
0.28000000
0.15000001
0.15000001
0.16000000
0.090000004
0.050000001
0.10000000
0.059999999
0.039999999
0.050000001
0.050000001
0.23000000
0.029999999
0.029999999
0.029999999
0.029999999
0.039999999
0.039999999
0.039999999
0.029999999
0.039999999
0.029999999
0.029999999
0.029999999
0.18000001
0.039999999
0.039999999
0.039999999
0.039999999
0.039999999
0.070000000
0.059999999
0.059999999
0.050000001
0.050000001
0.050000001
0.039999999
0.039999999
0.28999999
0.050000001
0.059999999
0.079999998
0.079999998
0.11000000
0.11000000
0.16000000
0.23000000
0.30000001
0.41999999
0.74000001
1.0400000
1.1100000
1.1900001
1.1700000
1.4500000
1.9400001
2.0899999
2.2500000
2.2900000
2.5799999
2.8099999
2.9200001
3.2400000
2.9700000
2.8399999
2.5799999
2.4200001
2.1700001
2.0599999
1.8600000
1.4299999
1.6400000
1.6600000
1.1600000
1.0300000
0.82999998
0.51999998
0.47999999
0.47000000
0.31000000
0.25999999
0.23999999
0.15000001
0.17000000
0.070000000
0.090000004
0.070000000
0.050000001
0.039999999
0.039999999
0.050000001
0.039999999
0.039999999
0.029999999
0.029999999
0.029999999
0.029999999
0.029999999
0.039999999
0.039999999
0.039999999
0.039999999
0.029999999
0.039999999
0.029999999
0.039999999
0.039999999
0.039999999
0.020000000
0.020000000
0.090000004
0.090000004
0.079999998
0.079999998
0.070000000
0.070000000
0.36000001
0.059999999
0.079999998
0.090000004
0.059999999
0.070000000
0.11000000
0.16000000
0.23000000
0.28999999
0.31000000
0.38000000
0.47000000
0.62000000
0.94999999
0.97000003
1.1400000
1.3099999
1.6900001
2.0699999
2.1400001
2.6099999
2.6800001
2.7600000
2.8699999
2.6300001
2.3599999
2.2100000
1.9299999
2.0000000
1.8800000
1.5900000
1.3099999
1.5900000
1.9299999
1.6500000
1.2900000
1.1500000
0.92000002
0.83999997
0.60000002
0.69999999
0.64999998
0.33000001
0.31999999
0.19000000
0.13000000
0.15000001
0.10000000
0.090000004
0.10000000
0.050000001
0.039999999
0.029999999
0.050000001
0.050000001
0.059999999
0.050000001
0.039999999
0.029999999
0.029999999
0.029999999
0.039999999
0.039999999
0.039999999
0.039999999
0.029999999
0.039999999
0.029999999
0.039999999
0.039999999
0.039999999
0.050000001
0.020000000
0.090000004
0.090000004
0.079999998
0.079999998
0.070000000
0.070000000
0.059999999
0.059999999
0.079999998
0.070000000
0.090000004
0.10000000
0.13000000
0.30000001
0.14000000
0.28000000
0.30000001
0.37000000
0.54000002
0.62000000
0.86000001
1.1799999
1.4400001
1.9700000
2.0899999
2.0100000
2.4800000
2.5599999
2.7000000
2.7500000
3.1300001
3.1400001
3.0300000
2.7200000
2.4700000
2.1500001
1.9299999
2.1500001
1.7900000
1.3300000
1.2800000
1.2800000
1.1100000
1.1799999
1.2900000
1.2400000
0.62000000
0.57999998
0.41000000
0.25999999
0.25000000
0.19000000
0.15000001
0.090000004
0.30000001
0.070000000
0.070000000
0.050000001
0.050000001
0.039999999
0.039999999
0.039999999
0.029999999
0.029999999
0.059999999
0.059999999
0.039999999
0.029999999
0.039999999
0.029999999
0.039999999
0.039999999
0.029999999
0.039999999
0.029999999
0.039999999
0.050000001
0.039999999
0.039999999
0.020000000
0.059999999
0.059999999
0.059999999
0.059999999
0.059999999
0.070000000
0.059999999
0.059999999
0.050000001
0.059999999
0.059999999
0.070000000
0.13000000
0.28999999
0.17000000
0.18000001
0.31999999
0.36000001
0.49000001
0.47999999
0.44000000
0.69000000
1.0500000
1.8300000
1.8099999
2.0999999
2.6600001
2.9200001
2.9500000
3.0300000
3.0699999
2.8299999
2.7200000
2.7100000
2.2000000
2.0999999
2.0300000
1.8099999
1.6799999
1.5100000
1.6799999
1.2500000
1.1100000
0.81000000
0.75999999
0.63999999
0.55000001
0.47000000
0.52999997
0.25999999
0.23000000
0.20999999
0.14000000
0.10000000
0.68000001
0.13000000
0.070000000
0.050000001
0.039999999
0.039999999
0.039999999
0.23999999
0.029999999
0.029999999
0.029999999
0.029999999
0.029999999
0.039999999
0.039999999
0.039999999
0.039999999
0.050000001
0.029999999
0.039999999
0.029999999
0.050000001
0.039999999
0.039999999
0.029999999
0.020000000
